noon TIM
•n
18:22
® 4>k 1o0%l§1
TABLE VI. Standard Solar Model with Helium and Metal Diffusion.
m/m®
T P
L/LG, x(1H) x(3H¢) x("c) x(1'n) x("*o) R/RQ
P
0.00846 1.583E+07 1.559E+02 2.395E+17 0.00027 0.33330 7.04E-06 2.42E-05 s.9aE-0a 9.48E-03
0.00687 1.5saE+01 1.55aE+02 2.394E+17 0.00082 0.38348 7.06E-06 242E-05 5.93E-08 9.48E-08
0.00730 1.582E+07 1.551E+02 2.393E+17 0.00089 0.asssa 7.07E-06 2.42E-05 5.92E-03 9.4BE-03
0.00776 1.582E+07 1.556E+02 2.892E+17 0.00047 0.838917.0eE>06 2.41E-05 5.92E-03 9.48E-03
0.00826 1.582E+07 1.555E+02 2.391E+17 0.00056 0.33417 7.10E-06 2.41E-05 5.92E-03 9.49E-03
0.00878 1.582E+07 1.554E+02 2.389E+17 0.00068 0.33447 7.12E-06 2.41E-05 5.92E-03 9.49E-08
0.00934 1.581E+07 1.553E+02 2.388E+17 0.00081 0.38481 7.15E-06 2.41E-05 5.92E-03 9.49E-03
0.00993 1.581E+07 1.552E+02 2.386E+17 0.00098 0.33519 7.17E-06 2.41 E-05 5.91 E-03 9.49E-03
0.01056 1.580E+07 1.550E+02 2.304E+17 0.00118 0.33561 7.20E-06 2.40E-05 5.91 E-03 9.50E03
0.01123 1.580E+07 1.548E+02 2.381E+17 0.00141 0.33610 7.23E-06 240E-05 5.90E-03 9.50E-03
0.01195 1.579E+07 1.546E+02 2.379E+17 0.00170 0.33664 7.27E-06 2.40E-05 5.90E-03 950E.03
0.01271 1.578E+07 1.544E+02 2.376E+17 0.00204 0.33728 7.31E-08 2.39E-05 5.90E-03 9.51E-03
0.01352 1.578E+07 1.541E+02 2.372E+17 0.00245 0.33796 7.36E-06 2.89E-05 5.89E-03 9.52E-03
0.01438 1.577E+07 1.538E+02 2.368E+17 0.00294 0.33875 7.42E-06 2saE-05 5.88E-08 9.52E-08
0.01529 1.576E+07 1.5ssE+02 2.364E+17 0000858 0.83964 7.48E-06 2.88E-05 5.saE-0s 9.ssE-0a
0.01627 1.575E+07 1.531E+02 2.359E+17 0.00424 0.34064 7.55E-08 2.37E-05 5.87E-03 9.54E-03
0.01781 1.574E+07 1.527E+02 2.sssE+17 0.00509 0.34177 7.63E-06 2.35E-05 5.86E-03 9.54E-03
0.01842 1.572E+07 1.522E+02 2.347E+17 0.00610 0.34305 7.72E-06 2.35E-05 5.85E-08 9.55E-08
0.01960 1.571E+07 1.51TE+02 2.340E+17 0.00732 0.34449 7.83E-06 2.35E-05 5.84E-03 9.58E-03
0.02086 1.569E+07 1.511E+02 2.332E+17 0.00877 0.34511 7.95E-06 2.34E-05 5.saE-03 9.58E-03
0.02220 1.567E+07 1.504E+02 2.323E+17 0.01052 0.34794 8.08E-06 2.32E-05 5.81 E-03 9.59E-03
0.02863 1.564E+07 1.497E+02 2.313E+17 0.01260 0.35000 8.24E-06 2.s1F,05 5.80E-03 9.60E-03
0.02515 1.562E+07 1.488E+02 2.301E+17 0.01509 0.35231 8.42E-06 2.30E-05 5.79B-03 9.62E-03
0.02678 1.559E+07 1.479E+02 2.289E+17 0.01808 0.35492 8.62E-06 2.28E-05 5.77E-03 9.63E-03
0.02852 1.555E+07 1.468E+02 2.274E+17 0.02160 0.35785 8.85E-06 2.27E-05 5.75E-03 965E-03
0.03037 1.552E+07 1.458E+02 2.258E+17 0.02582 0.36115 9.13E-06 2.25E-05 5.73E-03 9.6TE-03
0.03236 1.548E+07 1.443E+02 2.240E+17 0.03084 0.36484 9.44E-06 2.23E-05 5.70E-03 9.693-03
0.03448 1.543E+07 1.428E+02 2.219E+17 0.03681 0.36898 9.80E-08 2.20E-05 5.68E-03 9.71 E-03
0.03675 1.538E+07 1.411E+02 2.196E+17 0.04389 0.37362 1.02E-05 2.18E-05 5.65E-03 9.74303
0.03918 1.531E+07 1*3g3E.*.02 2.171E+17 0.05229 0.378811.07E-05 2.15E-05 5.63E-03 9.76E-03
0.04179 1.525E+07 1.373E+02 2.142E+17 0.08221 0.384511.13E-05 2.12E-05 5.60E-03 9.79E-03
0.04459 1.517E+07 1.350E+02 2.110E+17 0.07391 0.39107 1.19E-05 2.09E-05 5.57E-03 9.81E-03
0.04759 1.509E+07 1.325E+02 2.074E+17 0008769 0.39827 1.27E-05 2.05E-05 5.54E-03 9.541->0a
0.05083 1.499E+07 1.298E+02 2.034E+17 0.10385 0.40626 1.36E-05 2.02E-05 5.51503 9.863-03
0.05431 1.488E+07 1.268E+02 1.990E+17 0.12275 0.41512 1.47E-051.98E-05 5.47E-03 9.88E-03
0.05773 1.4?7E+07 1.239E+02 1.946E+17 0.14275 0.42408 1.59E-05 1.94E-05 5.45E-03 9.90E-03
0.06095 1.466E+07 1.210E+02 1.903E+17 0.16274 0.43255 1.71E-05 1.90E-05 5.42E-03 9.92E-03
0.06401 1.456E+07 1.1a4E+02 1.862E+17 0.18274 0.44075 1.84E-05 1.a6E-05 5.401405 9.93E-08
0.06695 1.445E+01 1.158E+02 1.823E+17 0.20274 0.44868 1.97E.05 1.83E-05 5.ssE-0a 9.94E-08
n nngn
1 4:4 sF1.1.r|'l
1 13134144.02 1 71141214.17 n 2227! n 45837 2 1 n1='_ns 1 Rop.(l5 5 asF.n:<1 Q 9417.03