%   l    n    nu(microHz)   sigma(microHz)
   l    n    nu            sigma

    0   10   1548.4178      0.0172
    0   15   2228.7522      0.0650
    0   16   2362.8103      0.0750
    0   18   2629.6743      0.0452
    0   19   2764.1831      0.0459
    0   20   2898.7971      0.0323
    0   22   3168.7883      0.0900
    0   24   3438.7495      0.0885
    1   10   1612.6473      0.0092
    1   11   1749.2601      0.0227
    1   12   1885.0856      0.0149
    1   13   2020.8364      0.0201
    1   14   2156.8291      0.0161
    1   15   2291.9856      0.0217
    1   16   2425.6953      0.0425
    1   17   2559.1230      0.0400
    1   18   2693.4053      0.0216
    1   19   2828.0454      0.0248
    1   20   2963.4138      0.0226
    1   21   3098.1458      0.0538
    1   22   3233.3203      0.0369
    1   23   3368.6084      0.0708
    1   24   3503.8564      0.0996
    1   25   3640.2898      0.1433
    2    9   1535.8453      0.0041
    2   10   1674.6239      0.0115
    2   11   1810.2708      0.0057
    2   12   1945.8484      0.0071
    2   13   2082.1228      0.0145
    2   14   2217.6179      0.0233
    2   15   2352.2588      0.0252
    2   16   2485.9563      0.0352
    2   17   2619.6956      0.0389
    2   18   2754.4509      0.0267
    2   19   2889.5449      0.0248
    2   20   3024.7036      0.0226
    2   21   3159.8718      0.0281
    2   22   3295.1140      0.0456
    2   23   3430.5349      0.0565
    2   24   3566.4434      0.1036
    2   25   3703.1304      0.1222
    2   26   3840.0828      0.1502
    2   27   3977.3062      0.2010
    2   28   4114.0132      0.2225
    2   29   4251.2061      0.2098
    3    9   1591.5083      0.0021
    3   10   1729.0942      0.0056
    3   11   1865.3177      0.0012
    3   12   2001.1807      0.0133
    3   13   2137.7375      0.0096
    3   14   2273.3967      0.0134
    3   15   2407.6294      0.0161
    3   16   2541.6458      0.0178
    3   17   2676.1216      0.0134
    3   18   2811.3855      0.0251
    3   19   2947.0801      0.0162
    3   20   3082.1992      0.0269
    3   21   3217.7231      0.0192
    3   22   3353.4553      0.0361
    3   23   3489.5054      0.0612
    3   24   3625.7639      0.0738
    3   25   3762.5955      0.0972
    3   26   3899.6807      0.1258
    3   27   4036.8093      0.1549
    3   28   4175.1880      0.2325
    3   29   4312.4048      0.3315
    4    8   1500.3081      0.0029
    4    9   1640.9607      0.0050
    4   10   1777.9962      0.0034
    4   11   1914.7646      0.0080
    4   12   2051.7202      0.0080
    4   13   2188.3638      0.0098
    4   14   2324.1655      0.0146
    4   15   2458.5876      0.0225
    4   16   2593.0051      0.0285
    4   17   2728.2810      0.0185
    4   18   2864.2329      0.0213
    4   19   3000.0679      0.0149
    4   20   3135.8669      0.0268
    4   21   3271.6274      0.0361
    4   22   3407.9834      0.0497
    4   23   3544.4312      0.0560
    4   24   3681.4463      0.0757
    4   25   3818.8889      0.0966
    4   26   3956.3079      0.1215
    4   27   4093.9033      0.1667
    4   28   4231.2300      0.2228
    4   29   4371.0464      0.2666
    5    7   1401.6488      0.0045
    5    8   1545.2535      0.0065
    5    9   1685.8517      0.0021
    5   10   1823.3948      0.0031
    5   11   1960.5457      0.0080
    5   12   2098.4326      0.0108
    5   13   2235.4001      0.0135
    5   14   2371.1599      0.0155
    5   15   2506.0708      0.0103
    5   16   2641.1704      0.0250
    5   17   2777.3447      0.0155
    5   18   2913.7170      0.0130
    5   19   3049.8853      0.0132
    5   20   3186.2200      0.0213
    5   21   3322.5232      0.0287
    5   22   3459.3254      0.0486
    5   23   3596.5049      0.0550
    5   24   3733.7205      0.0663
    5   25   3871.8567      0.0859
    5   26   4009.7551      0.1082
    5   27   4147.5483      0.1195
    5   28   4286.2778      0.1949
    5   29   4424.3892      0.2563
    6    7   1443.7487      0.0043
    6    8   1587.4867      0.0021
    6    9   1727.7683      0.0026
    6   10   1866.1674      0.0093
    6   11   2004.1946      0.0046
    6   12   2142.5515      0.0098
    6   13   2279.8735      0.0159
    6   14   2415.5747      0.0113
    6   15   2551.0593      0.0135
    6   16   2687.0183      0.0179
    6   17   2823.7378      0.0145
    6   18   2960.6316      0.0152
    6   19   3097.2390      0.0212
    6   20   3233.9492      0.0234
    6   21   3370.8179      0.0382
    6   22   3508.1787      0.0496
    6   23   3645.8997      0.0631
    6   24   3783.7180      0.0683
    6   25   3922.1169      0.0764
    6   26   4060.6958      0.1181
    6   27   4198.9492      0.1730
    6   28   4338.0889      0.1935
    6   29   4476.5239      0.2548
    7    7   1483.4004      0.0040
    7    8   1627.5190      0.0021
    7    9   1767.6364      0.0037
    7   10   1906.8351      0.0073
    7   11   2045.9401      0.0055
    7   12   2184.5217      0.0112
    7   13   2322.2161      0.0186
    7   14   2458.1775      0.0143
    7   15   2594.2859      0.0180
    7   16   2731.1208      0.0170
    7   17   2868.2942      0.0091
    7   18   3005.5798      0.0109
    7   19   3142.7476      0.0140
    7   20   3279.7576      0.0230
    7   21   3417.4358      0.0300
    7   22   3555.2302      0.0480
    7   23   3693.5747      0.0533
    7   24   3832.0107      0.0721
    7   25   3970.3816      0.0880
    7   26   4109.5708      0.1122
    7   27   4248.3486      0.1556
    7   28   4387.3018      0.2224
    7   29   4526.8955      0.3464
    8    7   1521.2336      0.0026
    8    8   1665.7524      0.0017
    8    9   1806.1930      0.0036
    8   10   1946.0933      0.0031
    8   11   2086.1052      0.0141
    8   12   2225.1863      0.0106
    8   13   2362.9204      0.0163
    8   14   2499.4304      0.0180
    8   15   2636.1643      0.0155
    8   16   2773.7639      0.0190
    8   17   2911.5188      0.0099
    8   18   3049.0830      0.0183
    8   19   3186.7234      0.0214
    8   20   3324.3137      0.0257
    8   21   3462.3940      0.0318
    8   22   3600.8599      0.0487
    8   23   3739.4399      0.0658
    8   24   3878.2556      0.0823
    8   25   4017.1348      0.1077
    8   26   4156.5454      0.1152
    8   27   4295.8198      0.1960
    8   28   4435.0435      0.2195
    8   29   4575.5415      0.3127
    9    5   1254.3853      0.0117
    9    6   1408.4479      0.0037
    9    7   1557.6541      0.0023
    9    8   1702.4164      0.0038
    9    9   1843.6726      0.0027
    9   10   1984.2234      0.0068
    9   11   2125.1648      0.0134
    9   12   2264.5522      0.0119
    9   13   2402.3743      0.0119
    9   14   2539.5884      0.0184
    9   15   2677.0139      0.0181
    9   16   2815.1665      0.0120
    9   17   2953.5266      0.0114
    9   18   3091.3992      0.0107
    9   19   3229.5034      0.0134
    9   20   3367.7722      0.0272
    9   21   3506.1213      0.0369
    9   22   3645.4495      0.0543
    9   23   3784.1106      0.0677
    9   24   3923.2715      0.0726
    9   25   4062.8289      0.1063
    9   26   4202.1509      0.1410
    9   27   4341.6445      0.2130
    9   28   4481.7725      0.2772
    9   29   4622.4771      0.3756
   10    5   1288.0288      0.0112
   10    7   1592.9142      0.0008
   10    8   1737.8361      0.0046
   10    9   1880.0563      0.0041
   10   10   2021.5087      0.0055
   10   11   2162.9673      0.0066
   10   12   2302.8567      0.0115
   10   13   2440.8691      0.0126
   10   14   2578.5999      0.0111
   10   15   2716.9736      0.0111
   10   16   2855.6855      0.0127
   10   17   2994.4507      0.0110
   10   18   3132.9070      0.0190
   10   19   3271.2524      0.0216
   10   20   3409.9854      0.0235
   10   21   3549.0867      0.0412
   10   22   3688.6096      0.0501
   10   23   3828.1748      0.0663
   10   24   3967.5718      0.0925
   10   25   4107.6357      0.0951
   10   26   4247.3901      0.1613
   10   27   4387.1143      0.2131
   10   28   4527.5791      0.3137
   10   29   4667.6523      0.4623
   11    5   1320.5146      0.0047
   11    6   1477.1772      0.0017
   11    7   1627.0972      0.0033
   11    8   1772.2299      0.0033
   11    9   1915.4449      0.0068
   11   10   2058.0007      0.0114
   11   11   2199.8455      0.0101
   11   12   2340.0747      0.0126
   11   13   2478.4939      0.0129
   11   14   2616.8835      0.0202
   11   15   2756.0559      0.0144
   11   16   2895.3611      0.0079
   11   17   3034.4839      0.0127
   11   18   3173.3765      0.0155
   11   19   3312.2688      0.0179
   11   20   3451.5891      0.0255
   11   21   3590.9165      0.0433
   11   22   3730.8054      0.0518
   11   23   3870.8679      0.0623
   11   24   4011.1411      0.0844
   11   25   4151.0933      0.1079
   11   26   4291.6572      0.1602
   11   27   4432.0884      0.2398
   11   28   4573.3857      0.3187
   11   29   4713.2490      0.4221
   12    6   1509.7245      0.0016
   12    7   1660.2812      0.0024
   12    8   1805.8041      0.0036
   12    9   1949.9817      0.0050
   12   10   2093.6299      0.0057
   12   11   2235.8818      0.0113
   12   12   2376.3743      0.0096
   12   13   2515.4780      0.0118
   12   14   2654.5166      0.0087
   12   15   2794.4797      0.0068
   12   16   2934.3286      0.0122
   12   17   3073.7656      0.0133
   12   18   3213.1838      0.0100
   12   19   3352.5996      0.0230
   12   20   3492.2959      0.0354
   12   21   3632.3313      0.0347
   12   22   3772.7202      0.0556
   12   23   3913.0679      0.0601
   12   24   4053.7102      0.1040
   12   25   4194.1431      0.1176
   12   26   4335.1948      0.1663
   12   27   4476.0215      0.2326
   12   28   4616.9253      0.3640
   12   29   4756.8511      0.6438
   13    4   1215.3065      0.0083
   13    6   1541.1390      0.0020
   13    7   1692.3846      0.0025
   13    8   1838.6770      0.0021
   13    9   1983.8458      0.0089
   13   10   2128.5647      0.0069
   13   11   2271.1980      0.0121
   13   12   2411.9011      0.0119
   13   13   2551.6680      0.0110
   13   14   2691.6572      0.0107
   13   15   2832.1567      0.0087
   13   16   2972.5696      0.0120
   13   17   3112.4336      0.0103
   13   18   3252.2520      0.0174
   13   19   3392.3040      0.0231
   13   20   3532.4297      0.0384
   13   21   3673.0999      0.0455
   13   22   3813.6519      0.0553
   13   23   3954.3262      0.0729
   13   24   4094.9438      0.0987
   13   25   4236.5220      0.1340
   13   26   4377.5283      0.2062
   13   27   4518.7988      0.2971
   13   28   4661.0396      0.4264
   13   29   4802.0176      0.7538
   14    4   1242.5204      0.0111
   14    5   1411.7207      0.0037
   14    6   1571.5763      0.0025
   14    7   1723.5231      0.0023
   14    8   1870.8513      0.0043
   14    9   2017.0627      0.0068
   14   10   2162.5422      0.0080
   14   11   2305.7083      0.0092
   14   12   2446.7212      0.0074
   14   13   2587.3450      0.0099
   14   14   2728.1548      0.0093
   14   15   2869.2227      0.0123
   14   16   3010.0796      0.0107
   14   17   3150.5286      0.0128
   14   18   3290.8142      0.0146
   14   19   3431.3596      0.0216
   14   20   3572.0852      0.0333
   14   21   3713.0874      0.0482
   14   22   3854.0901      0.0529
   14   23   3995.1499      0.0708
   14   24   4136.4985      0.1002
   14   25   4278.3286      0.1406
   14   26   4419.6294      0.2362
   14   27   4561.5830      0.3387
   14   28   4703.4502      0.5400
   14   29   4844.4595      0.5997
   15    3   1086.3947      0.1636
   15    5   1440.0367      0.0018
   15    6   1601.0220      0.0021
   15    7   1753.8114      0.0029
   15    8   1902.4056      0.0042
   15    9   2049.6414      0.0063
   15   10   2195.8760      0.0068
   15   11   2339.5398      0.0138
   15   12   2481.0566      0.0148
   15   13   2622.3242      0.0120
   15   14   2764.1360      0.0083
   15   15   2905.7249      0.0115
   15   16   3047.0303      0.0107
   15   17   3187.9937      0.0135
   15   18   3328.7922      0.0150
   15   19   3469.8770      0.0301
   15   20   3611.1558      0.0346
   15   21   3752.4028      0.0434
   15   22   3894.1094      0.0488
   15   23   4035.7322      0.0797
   15   24   4177.4614      0.1064
   15   25   4319.1851      0.1552
   15   26   4460.5762      0.2490
   15   27   4602.8208      0.3151
   15   28   4746.0132      0.4486
   15   29   4887.6099      1.2976
   16    6   1629.5312      0.0025
   16    7   1783.2467      0.0039
   16    8   1933.1749      0.0041
   16    9   2081.6526      0.0099
   16   10   2228.4814      0.0078
   16   11   2372.6304      0.0107
   16   12   2514.7837      0.0121
   16   13   2656.9746      0.0136
   16   14   2799.4729      0.0100
   16   15   2941.7515      0.0100
   16   16   3083.4863      0.0081
   16   17   3224.9382      0.0158
   16   18   3366.2954      0.0248
   16   19   3507.9148      0.0333
   16   20   3649.8594      0.0419
   16   21   3791.4722      0.0434
   16   22   3933.3894      0.0598
   16   23   4075.3845      0.0869
   16   24   4217.6724      0.1178
   16   25   4360.1533      0.1872
   16   26   4502.5552      0.2740
   16   27   4644.5835      0.3322
   16   28   4787.2441      0.8346
   17    3   1130.9733      0.0221
   17    5   1493.5165      0.0021
   17    6   1657.0574      0.0018
   17    7   1811.9908      0.0029
   17    8   1963.3431      0.0052
   17    9   2112.9978      0.0048
   17   10   2260.3477      0.0093
   17   11   2405.0671      0.0163
   17   12   2548.0623      0.0090
   17   13   2691.0391      0.0154
   17   14   2834.3052      0.0095
   17   15   2977.1760      0.0102
   17   16   3119.2969      0.0098
   17   17   3261.3794      0.0161
   17   18   3403.4043      0.0218
   17   19   3545.5620      0.0298
   17   20   3687.7534      0.0389
   17   21   3829.8955      0.0558
   17   22   3972.2390      0.0654
   17   23   4115.0068      0.0920
   17   24   4257.2393      0.1334
   17   25   4399.5688      0.2117
   17   26   4542.3794      0.3071
   17   27   4685.0347      0.4285
   17   28   4828.2554      0.8328
   18    5   1518.7416      0.0014
   18    6   1683.6489      0.0029
   18    7   1839.9762      0.0039
   18    8   1992.8655      0.0059
   18    9   2143.7478      0.0075
   18   10   2291.6064      0.0091
   18   11   2436.8057      0.0112
   18   12   2580.8462      0.0100
   18   13   2724.6494      0.0123
   18   14   2868.6531      0.0108
   18   15   3012.0842      0.0064
   18   16   3154.7981      0.0125
   18   17   3297.3201      0.0146
   18   18   3439.9194      0.0232
   18   19   3582.6194      0.0316
   18   20   3725.3257      0.0391
   18   21   3868.1133      0.0471
   18   22   4010.8398      0.0749
   18   23   4153.5542      0.1090
   18   24   4296.7861      0.1422
   18   25   4439.3809      0.2394
   18   26   4582.5542      0.4192
   18   27   4725.6396      0.6255
   19    3   1173.2876      0.1222
   19    4   1364.3302      0.0017
   19    5   1543.0438      0.0018
   19    6   1709.3745      0.0030
   19    7   1867.3199      0.0041
   19    8   2021.7672      0.0066
   19    9   2173.8091      0.0114
   19   10   2322.3235      0.0072
   19   11   2468.1309      0.0105
   19   12   2612.9839      0.0110
   19   13   2757.9045      0.0075
   19   14   2902.4949      0.0089
   19   15   3046.4785      0.0094
   19   16   3189.7593      0.0126
   19   17   3332.8086      0.0190
   19   18   3476.1594      0.0239
   19   19   3619.3828      0.0345
   19   20   3762.5947      0.0414
   19   21   3905.7695      0.0543
   19   22   4049.1028      0.0673
   19   23   4192.5122      0.1054
   19   24   4335.3608      0.1668
   19   25   4479.0874      0.2805
   19   26   4622.0864      0.3901
   19   27   4766.5908      0.6447
   19   28   4908.6694      0.9229
   20    3   1193.6396      0.0092
   20    4   1386.4905      0.0042
   20    5   1566.5479      0.0023
   20    6   1734.2048      0.0027
   20    7   1893.9104      0.0045
   20    8   2050.0854      0.0083
   20    9   2203.1816      0.0088
   20   10   2352.4331      0.0090
   20   11   2498.9812      0.0128
   20   12   2644.8738      0.0100
   20   13   2790.6897      0.0095
   20   14   2935.8850      0.0072
   20   15   3080.3984      0.0095
   20   16   3224.3347      0.0110
   20   17   3367.9736      0.0193
   20   18   3511.7805      0.0260
   20   19   3655.5376      0.0351
   20   20   3799.2158      0.0396
   20   21   3942.9836      0.0667
   20   22   4086.6460      0.0879
   20   23   4230.3110      0.1170
   20   24   4373.8691      0.1670
   20   25   4517.7139      0.3291
   20   26   4661.8472      0.5732
   20   27   4804.4766      0.9783
   20   28   4948.7915      1.7313
   21    4   1408.0692      0.0019
   21    5   1589.2860      0.0015
   21    6   1758.2465      0.0026
   21    7   1919.8483      0.0043
   21    8   2077.7720      0.0056
   21    9   2231.9126      0.0100
   21   10   2381.9512      0.0156
   21   11   2529.2788      0.0095
   21   12   2676.1626      0.0074
   21   13   2822.9412      0.0100
   21   14   2968.8662      0.0124
   21   15   3113.8621      0.0094
   21   16   3258.4187      0.0166
   21   17   3402.8367      0.0211
   21   18   3547.0203      0.0281
   21   19   3691.4150      0.0342
   21   20   3835.4670      0.0488
   21   21   3979.9148      0.0608
   21   22   4124.0459      0.1018
   21   23   4268.0513      0.1450
   21   24   4412.1289      0.1980
   21   25   4556.4404      0.3077
   21   26   4700.2788      0.5062
   21   27   4845.8711      1.0527
   21   28   4988.6353      2.6296
   22    3   1233.1169      0.0079
   22    4   1429.1132      0.0025
   22    5   1611.3558      0.0015
   22    6   1781.5234      0.0028
   22    7   1945.0586      0.0062
   22    8   2104.7698      0.0056
   22    9   2260.0183      0.0088
   22   10   2410.8044      0.0088
   22   11   2559.1570      0.0107
   22   12   2707.0725      0.0088
   22   13   2854.6499      0.0071
   22   14   3001.3728      0.0089
   22   15   3146.9290      0.0107
   22   16   3292.1262      0.0146
   22   17   3437.1694      0.0180
   22   18   3582.1431      0.0271
   22   19   3726.8459      0.0295
   22   20   3871.5945      0.0528
   22   21   4016.2180      0.0737
   22   22   4160.6406      0.0974
   22   23   4305.1318      0.1349
   22   24   4449.8887      0.2347
   22   25   4594.5503      0.3565
   22   26   4739.5063      0.5355
   22   27   4883.5874      1.3170
   22   28   5027.6826      1.2134
   23    2   1039.5103      0.0261
   23    3   1252.2311      0.0039
   23    4   1449.6678      0.0020
   23    5   1632.7966      0.0018
   23    6   1804.2437      0.0036
   23    7   1969.6393      0.0058
   23    8   2131.1267      0.0078
   23    9   2287.4619      0.0107
   23   10   2439.2102      0.0099
   23   11   2588.6763      0.0140
   23   12   2737.5222      0.0097
   23   13   2886.0234      0.0067
   23   14   3033.4077      0.0102
   23   15   3179.6736      0.0107
   23   16   3325.4507      0.0147
   23   17   3471.1567      0.0202
   23   18   3616.6333      0.0271
   23   19   3762.0083      0.0351
   23   20   3907.3264      0.0509
   23   21   4052.3857      0.0876
   23   22   4197.2461      0.1069
   23   23   4342.8867      0.1470
   23   24   4487.4570      0.2619
   23   25   4632.4907      0.4714
   23   26   4777.1685      0.7645
   23   27   4922.7446      0.9258
   24    4   1469.7848      0.0009
   24    5   1653.6888      0.0016
   24    6   1826.3373      0.0038
   24    7   1993.5759      0.0091
   24    8   2156.7949      0.0106
   24    9   2314.3181      0.0114
   24   10   2467.0281      0.0112
   24   11   2617.6226      0.0112
   24   12   2767.6511      0.0088
   24   13   2916.8984      0.0106
   24   14   3064.9658      0.0104
   24   15   3211.8938      0.0114
   24   16   3358.4287      0.0146
   24   17   3504.7466      0.0227
   24   18   3650.9399      0.0328
   24   19   3796.8252      0.0408
   24   20   3942.6450      0.0587
   24   21   4088.3188      0.0911
   24   22   4233.7319      0.1151
   24   23   4379.0278      0.1648
   24   24   4524.3101      0.2827
   24   25   4669.1558      0.4155
   24   26   4814.1016      0.9397
   24   27   4961.3628      0.8595
   25    4   1489.4570      0.0016
   25    5   1674.1100      0.0026
   25    6   1847.8820      0.0033
   25    7   2016.9413      0.0042
   25    8   2181.7896      0.0054
   25    9   2340.5283      0.0111
   25   10   2494.3809      0.0080
   25   11   2646.2002      0.0093
   25   12   2797.3582      0.0119
   25   13   2947.3508      0.0084
   25   14   3096.0918      0.0091
   25   15   3243.8279      0.0115
   25   16   3390.9939      0.0192
   25   17   3537.9194      0.0253
   25   18   3684.8472      0.0289
   25   19   3831.2988      0.0439
   25   20   3977.5503      0.0599
   25   21   4123.8638      0.0921
   25   22   4269.3833      0.1617
   25   23   4415.4053      0.1988
   25   24   4561.0156      0.3228
   25   25   4706.1963      0.4656
   25   26   4852.6562      0.9332
   26    3   1307.4862      0.0040
   26    4   1508.7072      0.0012
   26    5   1694.0551      0.0021
   26    6   1869.0417      0.0040
   26    7   2039.7561      0.0093
   26    8   2206.0391      0.0099
   26    9   2366.0454      0.0098
   26   10   2521.2124      0.0101
   26   11   2674.3276      0.0077
   26   12   2826.5454      0.0097
   26   13   2977.3457      0.0083
   26   14   3126.8362      0.0111
   26   15   3275.3503      0.0152
   26   16   3423.2390      0.0189
   26   17   3570.8909      0.0287
   26   18   3718.2666      0.0357
   26   19   3865.3872      0.0458
   26   20   4012.1477      0.0620
   26   21   4158.8833      0.1042
   26   22   4305.0991      0.1495
   26   23   4451.8511      0.2131
   26   24   4597.6758      0.3696
   26   25   4743.0791      0.9317
   26   26   4890.6284      0.8708
   27    3   1325.2379      0.0047
   27    4   1527.5590      0.0014
   27    5   1713.5703      0.0032
   27    6   1889.7836      0.0043
   27    7   2062.0913      0.0052
   27    8   2229.7285      0.0075
   27    9   2390.9863      0.0093
   27   10   2547.5479      0.0077
   27   11   2702.0183      0.0071
   27   12   2855.3074      0.0073
   27   13   3006.9841      0.0077
   27   14   3157.1650      0.0075
   27   15   3306.4421      0.0120
   27   16   3455.1033      0.0182
   27   17   3603.4370      0.0296
   27   18   3751.4346      0.0377
   27   19   3899.0266      0.0537
   27   20   4046.5586      0.0891
   27   21   4193.5840      0.1118
   27   22   4340.3936      0.1859
   27   23   4486.8384      0.2519
   27   24   4633.9536      0.4676
   27   25   4780.1777      1.0711
   27   26   4928.2773      0.8818
   28    3   1342.6560      0.0026
   28    4   1546.0214      0.0021
   28    5   1732.7408      0.0033
   28    6   1910.1726      0.0070
   28    7   2083.9417      0.0052
   28    8   2252.8279      0.0099
   28    9   2415.3640      0.0111
   28   10   2573.3821      0.0082
   28   11   2729.2632      0.0102
   28   12   2883.6252      0.0109
   28   13   3036.1580      0.0083
   28   14   3187.0886      0.0124
   28   15   3337.1587      0.0149
   28   16   3486.6465      0.0230
   28   17   3635.7141      0.0293
   28   18   3784.2881      0.0332
   28   19   3932.5020      0.0559
   28   20   4080.3557      0.0824
   28   21   4227.9600      0.1152
   28   22   4375.4536      0.2167
   28   23   4522.2021      0.2385
   28   24   4669.3296      0.4948
   28   25   4816.7373      0.7652
   29    2   1135.1578      0.0085
   29    3   1359.7642      0.0019
   29    4   1564.1425      0.0011
   29    5   1751.5612      0.0032
   29    6   1930.2220      0.0037
   29    7   2105.3611      0.0060
   29    8   2275.3625      0.0081
   29    9   2439.0552      0.0070
   29   10   2598.6204      0.0092
   29   11   2756.1152      0.0057
   29   12   2911.5645      0.0100
   29   13   3064.9082      0.0085
   29   14   3216.6631      0.0110
   29   15   3367.5818      0.0215
   29   16   3517.7930      0.0222
   29   17   3667.5466      0.0309
   29   18   3816.7273      0.0467
   29   19   3965.5559      0.0664
   29   20   4114.0776      0.0930
   29   21   4262.1001      0.1319
   29   22   4409.5498      0.2090
   29   23   4558.2944      0.2719
   29   24   4705.2495      0.7863
   29   25   4851.4600      1.0285
   30    3   1376.6099      0.0022
   30    4   1581.8750      0.0022
   30    5   1770.0780      0.0034
   30    6   1950.0013      0.0045
   30    7   2126.3894      0.0079
   30    8   2297.3486      0.0083
   30    9   2462.2705      0.0086
   30   10   2623.4858      0.0102
   30   11   2782.4373      0.0074
   30   12   2939.0789      0.0081
   30   13   3093.2837      0.0089
   30   14   3245.9204      0.0115
   30   15   3397.6150      0.0182
   30   16   3548.6255      0.0227
   30   17   3699.1455      0.0309
   30   18   3848.8098      0.0429
   30   19   3998.3970      0.0596
   30   20   4147.4712      0.0912
   30   21   4296.2046      0.1537
   30   22   4444.3027      0.2336
   30   23   4591.6455      0.3840
   30   24   4740.9634      0.7180
   31    2   1164.9751      0.0090
   31    3   1393.1591      0.0032
   31    4   1599.3525      0.0013
   31    5   1788.2815      0.0034
   31    6   1969.4402      0.0053
   31    7   2147.0869      0.0089
   31    8   2318.9287      0.0061
   31    9   2484.9861      0.0127
   31   10   2647.7776      0.0074
   31   11   2808.3013      0.0095
   31   12   2966.0693      0.0089
   31   13   3121.1904      0.0098
   31   14   3274.7170      0.0110
   31   15   3427.2271      0.0199
   31   16   3579.1418      0.0266
   31   17   3730.2444      0.0341
   31   18   3880.7971      0.0483
   31   19   4030.6628      0.0677
   31   20   4180.6890      0.1209
   31   21   4329.4180      0.1748
   31   22   4478.5063      0.2540
   31   23   4626.8560      0.4115
   32    3   1409.4154      0.0011
   32    4   1616.4352      0.0016
   32    5   1806.1895      0.0036
   32    6   1988.7187      0.0091
   32    7   2167.3987      0.0115
   32    8   2340.0681      0.0101
   32    9   2507.2808      0.0092
   32   10   2671.5891      0.0086
   32   11   2833.7126      0.0089
   32   12   2992.6340      0.0087
   32   13   3148.7957      0.0095
   32   14   3303.2673      0.0156
   32   15   3456.5830      0.0175
   32   16   3609.2532      0.0323
   32   17   3761.1042      0.0405
   32   18   3912.2368      0.0520
   32   19   4062.8872      0.0736
   32   20   4213.2524      0.1196
   32   21   4362.8071      0.2267
   32   22   4512.0937      0.3561
   32   23   4661.6406      0.5413
   33    2   1193.8812      0.0058
   33    3   1425.4106      0.0024
   33    4   1633.2395      0.0018
   33    5   1823.8673      0.0032
   33    6   2007.6888      0.0055
   33    7   2187.3701      0.0080
   33    8   2360.8293      0.0079
   33    9   2529.1335      0.0097
   33   10   2694.9951      0.0109
   33   11   2858.4934      0.0057
   33   12   3018.7395      0.0064
   33   13   3175.9927      0.0106
   33   14   3331.2942      0.0141
   33   15   3485.6199      0.0286
   33   16   3639.0581      0.0285
   33   17   3791.5862      0.0392
   33   18   3943.3171      0.0557
   33   19   4095.0110      0.0929
   33   20   4245.6074      0.1268
   33   21   4396.0762      0.2245
   33   22   4545.6157      0.3841
   33   23   4695.6504      0.6297
   34    3   1441.1367      0.0023
   34    4   1649.7283      0.0023
   34    5   1841.2770      0.0035
   34    6   2026.3794      0.0063
   34    7   2207.0686      0.0083
   34    8   2381.2488      0.0081
   34    9   2550.6594      0.0097
   34   10   2717.9033      0.0075
   34   11   2882.8523      0.0067
   34   12   3044.3623      0.0137
   34   13   3202.8057      0.0148
   34   14   3359.0342      0.0131
   34   15   3514.2961      0.0262
   34   16   3668.6089      0.0260
   34   17   3821.7944      0.0484
   34   18   3974.4407      0.0656
   34   19   4126.1699      0.0997
   34   20   4277.7520      0.1522
   34   21   4428.6367      0.2403
   34   22   4579.5459      0.3749
   34   23   4729.3828      0.9267
   35    3   1456.6195      0.0012
   35    4   1665.9611      0.0018
   35    5   1858.4633      0.0034
   35    6   2044.8444      0.0043
   35    7   2226.4299      0.0061
   35    8   2401.3467      0.0090
   35    9   2571.8076      0.0093
   35   10   2740.4749      0.0085
   35   11   2906.7664      0.0082
   35   12   3069.5056      0.0100
   35   13   3229.0620      0.0099
   35   14   3386.4961      0.0162
   35   15   3542.6106      0.0253
   35   16   3697.6731      0.0293
   35   17   3851.7925      0.0414
   35   18   4004.9707      0.0648
   35   19   4157.5420      0.1083
   35   20   4309.2729      0.1713
   35   21   4460.9072      0.2547
   35   22   4612.0688      0.3966
   35   23   4760.7676      0.6275
   36    3   1471.8381      0.0018
   36    4   1681.9443      0.0031
   36    5   1875.4490      0.0046
   36    6   2063.1226      0.0052
   36    7   2245.5679      0.0084
   36    8   2421.1021      0.0083
   36    9   2592.6875      0.0094
   36   10   2762.6621      0.0077
   36   11   2930.2329      0.0096
   36   12   3094.1902      0.0068
   36   13   3255.0122      0.0110
   36   14   3413.5486      0.0156
   36   15   3570.6526      0.0214
   36   16   3726.5378      0.0297
   36   17   3881.5513      0.0542
   36   18   4035.1223      0.0777
   36   19   4188.4229      0.1196
   36   20   4341.0381      0.1848
   36   21   4492.9893      0.2931
   36   22   4643.9219      0.5490
   37    2   1249.2032      0.0056
   37    3   1486.8202      0.0010
   37    4   1697.6151      0.0036
   37    5   1892.2239      0.0043
   37    6   2081.1633      0.0053
   37    7   2264.3726      0.0086
   37    8   2440.7012      0.0116
   37    9   2613.3213      0.0085
   37   10   2784.5266      0.0083
   37   11   2953.2266      0.0083
   37   12   3118.4585      0.0097
   37   13   3280.5061      0.0169
   37   14   3440.2986      0.0207
   37   15   3598.3633      0.0243
   37   16   3755.1052      0.0373
   37   17   3910.7510      0.0553
   37   18   4065.2190      0.0909
   37   19   4218.9268      0.1231
   37   20   4372.3560      0.2495
   37   21   4524.0488      0.4159
   37   22   4676.6221      0.5868
   38    1    988.5821      0.0148
   38    2   1262.5511      0.0043
   38    3   1501.5498      0.0020
   38    4   1713.0581      0.0045
   38    5   1908.8387      0.0053
   38    6   2099.0125      0.0071
   38    7   2282.9214      0.0086
   38    8   2459.9680      0.0094
   38    9   2633.6868      0.0073
   38   10   2805.9475      0.0070
   38   11   2975.8083      0.0090
   38   12   3142.2268      0.0076
   38   13   3305.5984      0.0127
   38   14   3466.5984      0.0194
   38   15   3625.6572      0.0247
   38   16   3783.2393      0.0383
   38   17   3939.6018      0.0587
   38   18   4095.0120      0.0960
   38   19   4249.4277      0.1575
   38   20   4403.0063      0.2184
   38   21   4556.6431      0.3340
   38   22   4707.9082      0.6253
   39    2   1275.7358      0.0034
   39    3   1516.0358      0.0020
   39    4   1728.2585      0.0024
   39    5   1925.2260      0.0042
   39    6   2116.6294      0.0063
   39    7   2301.2537      0.0073
   39    8   2479.0496      0.0123
   39    9   2653.8335      0.0088
   39   10   2827.2749      0.0085
   39   11   2998.0674      0.0058
   39   12   3165.6353      0.0111
   39   13   3330.3032      0.0127
   39   14   3492.5447      0.0215
   39   15   3652.5781      0.0269
   39   16   3811.0955      0.0422
   39   17   3968.1775      0.0632
   39   18   4124.4922      0.1173
   39   19   4279.6870      0.1951
   39   20   4433.7017      0.2453
   39   21   4586.7178      0.4272
   40    1   1010.2318      0.0288
   40    2   1288.7450      0.0037
   40    3   1530.3142      0.0028
   40    4   1743.2660      0.0035
   40    5   1941.4443      0.0049
   40    6   2133.9929      0.0077
   40    7   2319.3220      0.0074
   40    8   2497.9312      0.0091
   40    9   2673.7444      0.0098
   40   10   2848.1985      0.0073
   40   11   3019.9846      0.0104
   40   12   3188.6565      0.0108
   40   13   3354.4829      0.0116
   40   14   3518.0559      0.0192
   40   15   3679.2668      0.0243
   40   16   3838.7029      0.0418
   40   17   3996.6277      0.0761
   40   18   4153.5063      0.1192
   40   19   4309.2241      0.1880
   40   20   4464.1997      0.3071
   40   21   4618.1958      0.5647
   41    1   1020.8365      0.0214
   41    2   1301.5692      0.0022
   41    3   1544.3685      0.0021
   41    4   1758.0416      0.0032
   41    5   1957.4950      0.0055
   41    6   2151.1431      0.0086
   41    7   2337.2146      0.0071
   41    8   2516.5527      0.0082
   41    9   2693.4885      0.0065
   41   10   2868.8596      0.0095
   41   11   3041.5525      0.0080
   41   12   3211.2434      0.0097
   41   13   3378.4009      0.0148
   41   14   3543.1555      0.0228
   41   15   3705.5830      0.0332
   41   16   3865.7483      0.0503
   41   17   4024.6143      0.0781
   41   18   4182.2300      0.1317
   41   19   4338.9829      0.2027
   41   20   4494.6104      0.3178
   41   21   4650.0464      0.6550
   42    1   1031.3660      0.0333
   42    2   1314.2288      0.0028
   42    3   1558.1746      0.0019
   42    4   1772.6614      0.0034
   42    5   1973.3773      0.0046
   42    6   2168.1504      0.0061
   42    7   2354.8425      0.0078
   42    8   2535.0090      0.0103
   42    9   2713.0105      0.0083
   42   10   2889.3503      0.0060
   42   11   3062.8311      0.0062
   42   12   3233.5229      0.0097
   42   13   3401.9175      0.0174
   42   14   3567.9297      0.0326
   42   15   3731.4907      0.0339
   42   16   3892.7668      0.0539
   42   17   4052.5188      0.0865
   42   18   4210.9180      0.1574
   42   19   4367.9604      0.2307
   42   20   4524.5718      0.3665
   42   21   4679.8364      0.7910
   43    1   1041.7404      0.0195
   43    2   1326.7285      0.0030
   43    3   1571.8202      0.0022
   43    4   1787.0630      0.0031
   43    5   1989.0803      0.0049
   43    6   2184.8835      0.0073
   43    7   2372.2246      0.0088
   43    8   2553.3145      0.0080
   43    9   2732.3191      0.0068
   43   10   2909.5825      0.0077
   43   11   3083.9006      0.0083
   43   12   3255.5366      0.0131
   43   13   3425.1008      0.0186
   43   14   3592.2715      0.0241
   43   15   3756.9170      0.0369
   43   16   3919.4514      0.0656
   43   17   4080.0120      0.0983
   43   18   4239.0005      0.1568
   43   19   4396.6914      0.3001
   43   20   4554.3257      0.3802
   43   21   4710.5029      0.6122
   44    1   1051.8962      0.0148
   44    2   1339.0704      0.0020
   44    3   1585.2141      0.0023
   44    4   1801.2728      0.0050
   44    5   2004.6268      0.0062
   44    6   2201.4951      0.0082
   44    7   2389.4700      0.0091
   44    8   2571.4238      0.0098
   44    9   2751.4639      0.0094
   44   10   2929.5820      0.0063
   44   11   3104.6929      0.0074
   44   12   3277.2207      0.0130
   44   13   3447.8389      0.0168
   44   14   3616.2825      0.0214
   44   15   3782.1384      0.0420
   44   16   3945.5359      0.0730
   44   17   4107.0444      0.0859
   44   18   4267.3643      0.1817
   44   19   4425.8677      0.3789
   44   20   4583.2041      0.4563
   44   21   4739.4863      0.5872
   45    1   1062.0131      0.0171
   45    2   1351.2559      0.0030
   45    3   1598.4102      0.0016
   45    4   1815.2926      0.0048
   45    5   2020.0468      0.0059
   45    6   2217.7981      0.0059
   45    7   2406.4707      0.0073
   45    8   2589.4377      0.0092
   45    9   2770.4805      0.0080
   45   10   2949.3755      0.0082
   45   11   3125.2561      0.0093
   45   12   3298.7124      0.0124
   45   13   3470.3987      0.0236
   45   14   3639.9558      0.0291
   45   15   3806.9690      0.0406
   45   16   3971.4934      0.0764
   45   17   4134.1069      0.1147
   45   18   4294.9067      0.2124
   45   19   4454.0195      0.4072
   45   20   4612.5327      0.4812
   45   21   4770.1558      1.2160
   46    1   1072.0017      0.0130
   46    2   1363.3003      0.0013
   46    3   1611.4254      0.0021
   46    4   1829.2185      0.0035
   46    5   2035.2750      0.0069
   46    6   2233.9617      0.0083
   46    7   2423.3154      0.0066
   46    8   2607.2275      0.0093
   46    9   2789.2993      0.0068
   46   10   2968.9897      0.0087
   46   11   3145.6328      0.0096
   46   12   3319.9517      0.0122
   46   13   3492.5718      0.0198
   46   14   3663.2522      0.0323
   46   15   3831.3164      0.0471
   46   16   3996.8733      0.0845
   46   17   4160.6299      0.1497
   46   18   4322.0181      0.1932
   46   19   4482.0264      0.4942
   46   20   4641.6221      0.6925
   47    1   1081.8802      0.0108
   47    2   1375.1781      0.0016
   47    3   1624.2333      0.0028
   47    4   1842.9395      0.0044
   47    5   2050.3635      0.0061
   47    6   2249.9453      0.0057
   47    7   2439.9968      0.0092
   47    8   2624.8735      0.0100
   47    9   2807.9102      0.0091
   47   10   2988.3899      0.0068
   47   11   3165.7903      0.0110
   47   12   3340.9744      0.0151
   47   13   3514.5154      0.0218
   47   14   3686.0625      0.0320
   47   15   3855.4150      0.0517
   47   16   4022.3010      0.0820
   47   17   4186.6167      0.1559
   47   18   4349.4604      0.2964
   47   19   4509.4258      0.6665
   48    1   1091.6354      0.0090
   48    2   1386.9142      0.0023
   48    3   1636.8826      0.0027
   48    4   1856.5780      0.0037
   48    5   2065.2915      0.0058
   48    6   2265.7371      0.0090
   48    7   2456.4900      0.0077
   48    8   2642.3596      0.0075
   48    9   2826.4268      0.0072
   48   10   3007.6013      0.0076
   48   11   3185.7305      0.0084
   48   12   3361.7969      0.0152
   48   13   3536.1936      0.0222
   48   14   3708.8738      0.0401
   48   15   3879.1753      0.0609
   48   16   4046.9272      0.1026
   48   17   4212.6509      0.1745
   48   18   4376.1162      0.3097
   48   19   4537.1602      0.6327
   49    1   1101.1934      0.0127
   49    2   1398.5287      0.0021
   49    3   1649.3557      0.0025
   49    4   1869.9910      0.0045
   49    5   2080.0774      0.0055
   49    6   2281.3787      0.0065
   49    7   2472.8220      0.0106
   49    8   2659.7598      0.0085
   49    9   2844.7266      0.0072
   49   10   3026.6731      0.0092
   49   11   3205.5417      0.0099
   49   12   3382.3545      0.0134
   49   13   3557.6228      0.0206
   49   14   3731.2476      0.0401
   49   15   3902.4116      0.0695
   49   16   4071.5969      0.1057
   49   17   4238.1455      0.2263
   49   18   4401.8906      0.3566
   49   19   4564.1406      0.4946
   50    1   1110.7401      0.0150
   50    2   1409.9655      0.0016
   50    3   1661.6290      0.0027
   50    4   1883.3191      0.0056
   50    5   2094.7197      0.0073
   50    6   2296.7261      0.0072
   50    7   2488.9653      0.0094
   50    8   2676.9788      0.0063
   50    9   2862.9138      0.0081
   50   10   3045.5708      0.0071
   50   11   3225.1658      0.0099
   50   12   3402.8279      0.0161
   50   13   3578.8982      0.0241
   50   14   3753.2925      0.0437
   50   15   3925.6025      0.0780
   50   16   4095.5286      0.1422
   50   17   4263.6260      0.2674
   50   18   4427.8408      0.3660
   50   19   4591.7695      0.6734
   51    1   1120.2515      0.0077
   51    2   1421.2740      0.0017
   51    3   1673.7426      0.0028
   51    4   1896.5072      0.0045
   51    5   2109.2190      0.0074
   51    6   2312.0288      0.0084
   51    7   2505.0337      0.0081
   51    8   2694.0757      0.0085
   51    9   2880.8689      0.0076
   51   10   3064.2617      0.0076
   51   11   3244.6179      0.0100
   51   12   3423.0425      0.0175
   51   13   3599.9375      0.0234
   51   14   3775.2234      0.0485
   51   15   3948.3318      0.0807
   51   16   4119.5312      0.1525
   51   17   4288.1465      0.2465
   51   18   4454.2476      0.5673
   52    1   1129.5526      0.0068
   52    2   1432.4573      0.0017
   52    3   1685.7147      0.0037
   52    4   1909.5846      0.0042
   52    5   2123.5479      0.0072
   52    6   2327.1304      0.0104
   52    7   2520.9343      0.0088
   52    8   2711.0137      0.0076
   52    9   2898.7297      0.0061
   52   10   3082.8330      0.0088
   52   11   3263.8889      0.0114
   52   12   3443.1743      0.0177
   52   13   3620.8567      0.0279
   52   14   3796.9316      0.0479
   52   15   3970.9873      0.0831
   52   16   4142.9536      0.1783
   52   17   4312.9062      0.2677
   53    1   1138.7323      0.0122
   53    2   1443.4988      0.0017
   53    3   1697.4827      0.0030
   53    4   1922.5255      0.0068
   53    5   2137.7324      0.0071
   53    6   2342.0168      0.0083
   53    7   2536.7402      0.0088
   53    8   2727.8745      0.0091
   53    9   2916.3821      0.0067
   53   10   3101.2202      0.0089
   53   11   3283.1184      0.0119
   53   12   3463.1145      0.0188
   53   13   3641.5730      0.0308
   53   14   3818.2795      0.0580
   53   15   3993.4055      0.1033
   53   16   4166.2144      0.1609
   53   17   4337.0234      0.4007
   54    1   1147.9012      0.0091
   54    2   1454.3920      0.0023
   54    3   1709.1268      0.0033
   54    4   1935.3231      0.0051
   54    5   2151.7754      0.0066
   54    6   2356.7629      0.0082
   54    7   2552.3523      0.0091
   54    8   2744.5615      0.0066
   54    9   2933.9404      0.0073
   54   10   3119.5181      0.0092
   54   11   3302.1125      0.0113
   54   12   3482.8401      0.0185
   54   13   3662.0779      0.0367
   54   14   3839.5417      0.0616
   54   15   4015.5703      0.1124
   54   16   4188.6079      0.2059
   54   17   4360.7744      0.4919
   55    1   1156.9828      0.0074
   55    2   1465.1592      0.0023
   55    3   1720.6440      0.0029
   55    4   1948.0907      0.0052
   55    5   2165.6616      0.0073
   55    6   2371.3762      0.0093
   55    7   2567.8323      0.0104
   55    8   2761.1279      0.0091
   55    9   2951.3384      0.0092
   55   10   3137.5955      0.0084
   55   11   3320.9546      0.0153
   55   12   3502.5774      0.0202
   55   13   3682.4653      0.0356
   55   14   3860.5903      0.0704
   55   15   4037.5454      0.1380
   55   16   4212.3652      0.2179
   55   17   4384.7959      0.3339
   56    1   1165.8378      0.0068
   56    2   1475.8097      0.0018
   56    3   1731.9962      0.0035
   56    4   1960.6986      0.0057
   56    5   2179.4236      0.0083
   56    6   2385.7998      0.0085
   56    7   2583.2786      0.0090
   56    8   2777.6021      0.0077
   56    9   2968.5669      0.0096
   56   10   3155.5576      0.0085
   56   11   3339.6423      0.0118
   56   12   3521.9854      0.0206
   56   13   3702.6516      0.0340
   56   14   3881.4587      0.0806
   56   15   4058.7927      0.1582
   56   16   4234.4258      0.2221
   57    1   1174.7081      0.0089
   57    2   1486.3147      0.0026
   57    3   1743.2444      0.0044
   57    4   1973.1895      0.0065
   57    5   2193.0737      0.0090
   57    6   2400.1377      0.0074
   57    7   2598.5327      0.0067
   57    8   2793.8862      0.0067
   57    9   2985.6782      0.0089
   57   10   3173.3701      0.0083
   57   11   3358.2876      0.0186
   57   12   3541.3291      0.0243
   57   13   3722.6936      0.0398
   57   14   3902.5835      0.0764
   57   15   4080.3403      0.1412
   57   16   4256.1543      0.2490
   58    1   1183.5413      0.0084
   58    2   1496.7112      0.0017
   58    3   1754.3083      0.0034
   58    4   1985.5903      0.0049
   58    5   2206.5374      0.0096
   58    6   2414.3071      0.0085
   58    7   2613.6987      0.0096
   58    8   2810.0786      0.0062
   58    9   3002.6572      0.0073
   58   10   3191.0913      0.0083
   58   11   3376.8301      0.0124
   58   12   3560.6013      0.0229
   58   13   3742.6089      0.0415
   58   14   3922.9375      0.0798
   58   15   4101.6143      0.1639
   58   16   4278.6265      0.3440
   59    1   1192.2512      0.0054
   59    2   1506.9639      0.0031
   59    3   1765.2773      0.0039
   59    4   1997.8918      0.0061
   59    5   2219.8821      0.0060
   59    6   2428.3594      0.0094
   59    7   2628.8191      0.0115
   59    8   2826.1641      0.0054
   59    9   3019.4861      0.0081
   59   10   3208.6316      0.0096
   59   11   3395.1104      0.0125
   59   12   3579.6694      0.0268
   59   13   3762.3103      0.0428
   59   14   3943.1614      0.1061
   59   15   4123.1572      0.1747
   59   16   4300.2803      0.4143
   60    1   1200.8651      0.0091
   60    2   1517.1045      0.0020
   60    3   1776.1519      0.0047
   60    4   2010.0865      0.0069
   60    5   2233.0779      0.0079
   60    6   2442.2769      0.0094
   60    7   2643.7268      0.0071
   60    8   2842.0845      0.0074
   60    9   3036.1445      0.0078
   60   10   3226.0950      0.0084
   60   11   3413.2893      0.0159
   60   12   3598.5945      0.0295
   60   13   3782.0288      0.0527
   60   14   3963.6792      0.1107
   60   15   4143.7158      0.1955
   60   16   4322.1621      0.3401
   61    1   1209.3954      0.0071
   61    2   1527.1233      0.0023
   61    3   1786.8910      0.0042
   61    4   2022.1995      0.0058
   61    5   2246.1436      0.0088
   61    6   2456.0542      0.0112
   61    7   2658.5730      0.0103
   61    8   2857.9260      0.0078
   61    9   3052.7495      0.0064
   61   10   3243.4167      0.0113
   61   11   3431.4331      0.0169
   61   12   3617.3645      0.0264
   61   13   3801.6836      0.0530
   61   14   3983.7529      0.1174
   61   15   4164.2935      0.2588
   61   16   4343.1353      0.3355
   62    1   1217.8260      0.0052
   62    2   1537.0219      0.0022
   62    3   1797.5271      0.0056
   62    4   2034.1760      0.0049
   62    5   2259.0869      0.0072
   62    6   2469.7153      0.0088
   62    7   2673.3420      0.0074
   62    8   2873.6235      0.0064
   62    9   3069.2427      0.0075
   62   10   3260.5911      0.0108
   62   11   3449.3967      0.0174
   62   12   3636.2698      0.0311
   62   13   3821.0273      0.0552
   62   14   4003.6973      0.1291
   62   15   4185.1982      0.3300
   63    1   1226.2555      0.0062
   63    2   1546.8014      0.0019
   63    3   1808.0762      0.0047
   63    4   2046.0750      0.0081
   63    5   2271.9028      0.0105
   63    6   2483.3142      0.0101
   63    7   2687.9761      0.0081
   63    8   2889.2029      0.0089
   63    9   3085.4883      0.0071
   63   10   3277.6570      0.0108
   63   11   3467.2529      0.0177
   63   12   3654.8755      0.0320
   63   13   3840.1074      0.0665
   63   14   4023.6538      0.1658
   63   15   4206.1104      0.3045
   64    1   1234.5204      0.0052
   64    2   1556.4717      0.0036
   64    3   1818.4504      0.0045
   64    4   2057.8733      0.0073
   64    5   2284.5388      0.0092
   64    6   2496.7903      0.0093
   64    7   2702.5342      0.0081
   64    8   2904.6575      0.0080
   64    9   3101.7295      0.0089
   64   10   3294.6748      0.0120
   64   11   3485.0764      0.0211
   64   12   3673.3167      0.0357
   64   13   3859.2932      0.0762
   64   14   4043.2551      0.1600
   64   15   4226.3745      0.3242
   65    1   1242.7911      0.0056
   65    2   1566.0308      0.0023
   65    3   1828.8015      0.0053
   65    4   2069.5825      0.0071
   65    5   2297.1409      0.0117
   65    6   2510.1523      0.0111
   65    7   2716.9722      0.0077
   65    8   2920.0225      0.0096
   65    9   3117.8132      0.0079
   65   10   3311.5066      0.0113
   65   11   3502.7070      0.0204
   65   12   3691.6741      0.0409
   65   13   3878.4714      0.0920
   65   14   4063.5352      0.1925
   65   15   4246.2739      0.3658
   66    1   1250.9258      0.0073
   66    2   1575.4807      0.0024
   66    3   1839.0558      0.0065
   66    4   2081.2280      0.0079
   66    5   2309.5452      0.0071
   66    6   2523.3689      0.0101
   66    7   2731.3413      0.0077
   66    8   2935.2239      0.0082
   66    9   3133.7429      0.0086
   66   10   3328.2600      0.0119
   66   11   3520.2161      0.0259
   66   12   3709.8804      0.0482
   66   13   3897.3999      0.0744
   66   14   4082.6965      0.1757
   67    1   1259.0532      0.0034
   67    2   1584.8107      0.0025
   67    3   1849.1888      0.0056
   67    4   2092.7214      0.0082
   67    5   2321.8721      0.0074
   67    6   2536.5515      0.0087
   67    7   2745.5930      0.0081
   67    8   2950.3682      0.0064
   67    9   3149.6353      0.0088
   67   10   3344.9026      0.0144
   67   11   3537.6858      0.0249
   67   12   3728.0513      0.0444
   67   13   3916.0432      0.0995
   67   14   4102.0762      0.2653
   68    1   1267.0571      0.0046
   68    2   1594.0232      0.0025
   68    3   1859.2506      0.0060
   68    4   2104.1345      0.0066
   68    5   2334.0581      0.0087
   68    6   2549.6035      0.0088
   68    7   2759.7202      0.0074
   68    8   2965.3123      0.0104
   68    9   3165.3406      0.0072
   68   10   3361.4395      0.0196
   68   11   3554.8662      0.0281
   68   12   3746.0022      0.0518
   68   13   3934.5757      0.1114
   68   14   4121.1270      0.2562
   69    1   1275.0049      0.0032
   69    2   1603.1433      0.0031
   69    3   1869.2288      0.0047
   69    4   2115.4629      0.0068
   69    5   2346.1423      0.0103
   69    6   2562.6006      0.0081
   69    7   2773.8079      0.0062
   69    8   2980.2131      0.0087
   69    9   3180.9797      0.0082
   69   10   3377.8811      0.0153
   69   11   3572.1533      0.0281
   69   12   3763.9070      0.0504
   69   13   3953.1362      0.1171
   69   14   4140.8413      0.2442
   70    1   1282.9056      0.0038
   70    2   1612.1674      0.0031
   70    3   1879.1128      0.0067
   70    4   2126.7095      0.0061
   70    5   2358.1355      0.0076
   70    6   2575.5300      0.0073
   70    7   2787.7905      0.0096
   70    8   2995.0046      0.0082
   70    9   3196.5278      0.0093
   70   10   3394.2632      0.0157
   70   11   3589.2273      0.0305
   70   12   3781.6570      0.0571
   70   13   3971.6797      0.1261
   70   14   4160.0615      0.3469
   71    1   1290.7163      0.0043
   71    2   1621.0764      0.0029
   71    3   1888.9131      0.0068
   71    4   2137.8394      0.0084
   71    5   2370.0193      0.0122
   71    6   2588.3354      0.0117
   71    7   2801.6296      0.0079
   71    8   3009.7173      0.0069
   71    9   3211.9795      0.0103
   71   10   3410.4915      0.0187
   71   11   3606.2546      0.0306
   71   12   3799.4602      0.0652
   71   13   3990.0603      0.1714
   71   14   4179.1284      0.3105
   72    1   1298.5143      0.0028
   72    2   1629.9011      0.0038
   72    3   1898.6821      0.0064
   72    4   2148.8777      0.0083
   72    5   2381.7959      0.0102
   72    6   2601.0393      0.0097
   72    7   2815.4209      0.0099
   72    8   3024.2798      0.0083
   72    9   3227.3242      0.0110
   72   10   3426.5859      0.0164
   72   11   3623.1331      0.0338
   72   12   3816.9189      0.0703
   72   13   4008.2825      0.1413
   72   14   4197.5308      0.3899
   73    1   1306.2056      0.0027
   73    2   1638.6230      0.0044
   73    3   1908.3455      0.0061
   73    4   2159.8491      0.0087
   73    5   2393.4131      0.0094
   73    6   2613.7097      0.0079
   73    7   2829.1360      0.0092
   73    8   3038.7537      0.0056
   73    9   3242.5210      0.0105
   73   10   3442.6704      0.0164
   73   11   3639.8735      0.0363
   73   12   3834.4263      0.0708
   73   13   4026.2310      0.1989
   74    1   1313.8530      0.0037
   74    2   1647.2339      0.0034
   74    3   1917.9528      0.0067
   74    4   2170.7129      0.0102
   74    5   2404.9922      0.0102
   74    6   2626.2683      0.0087
   74    7   2842.7361      0.0094
   74    8   3053.1423      0.0074
   74    9   3257.6753      0.0116
   74   10   3458.6638      0.0221
   74   11   3656.6489      0.0397
   74   12   3851.8276      0.0757
   74   13   4044.5276      0.1742
   75    1   1321.4249      0.0031
   75    2   1655.7690      0.0039
   75    3   1927.4764      0.0064
   75    4   2181.4355      0.0083
   75    5   2416.4778      0.0084
   75    6   2638.7566      0.0099
   75    7   2856.2224      0.0065
   75    8   3067.3955      0.0095
   75    9   3272.7527      0.0115
   75   10   3474.4656      0.0216
   75   11   3673.2415      0.0392
   75   12   3869.1292      0.1072
   75   13   4062.5203      0.2186
   76    1   1328.9615      0.0026
   76    2   1664.1963      0.0035
   76    3   1936.9340      0.0063
   76    4   2192.1614      0.0088
   76    5   2427.8440      0.0117
   76    6   2651.2236      0.0086
   76    7   2869.6421      0.0068
   76    8   3081.5845      0.0067
   76    9   3287.7139      0.0118
   76   10   3490.2288      0.0185
   76   11   3689.8235      0.0476
   76   12   3886.3606      0.1129
   76   13   4080.0618      0.2460
   77    1   1336.4127      0.0031
   77    2   1672.5621      0.0034
   77    3   1946.3281      0.0054
   77    4   2202.7249      0.0095
   77    5   2439.1265      0.0089
   77    6   2663.5073      0.0099
   77    7   2882.9783      0.0079
   77    8   3095.6863      0.0076
   77    9   3302.6096      0.0103
   77   10   3505.9490      0.0199
   77   11   3706.2832      0.0482
   77   12   3903.5530      0.1109
   77   13   4098.0342      0.3481
   78    1   1343.8188      0.0026
   78    2   1680.8019      0.0040
   78    3   1955.6707      0.0071
   78    4   2213.2500      0.0082
   78    5   2450.3135      0.0091
   78    6   2675.8196      0.0092
   78    7   2896.1973      0.0086
   78    8   3109.6580      0.0072
   78    9   3317.4219      0.0118
   78   10   3521.5684      0.0266
   78   11   3722.4607      0.0472
   78   12   3920.2744      0.1346
   78   13   4116.1562      0.4021
   79    1   1351.1700      0.0017
   79    2   1688.9722      0.0046
   79    3   1964.9409      0.0045
   79    4   2223.6355      0.0111
   79    5   2461.4397      0.0109
   79    6   2687.9922      0.0095
   79    7   2909.3604      0.0072
   79    8   3123.5564      0.0083
   79    9   3332.0559      0.0138
   79   10   3536.9966      0.0257
   79   11   3738.8240      0.0494
   79   12   3937.2102      0.1191
   79   13   4132.8677      0.6407
   80    1   1358.4663      0.0018
   80    2   1697.0656      0.0038
   80    3   1974.1797      0.0061
   80    4   2233.9485      0.0078
   80    5   2472.5154      0.0113
   80    6   2700.1255      0.0084
   80    7   2922.3831      0.0081
   80    8   3137.3982      0.0071
   80    9   3346.7317      0.0115
   80   10   3552.5012      0.0287
   80   11   3754.9607      0.0576
   80   12   3954.1970      0.1386
   80   13   4151.0498      0.3326
   81    1   1365.6975      0.0025
   81    2   1705.0363      0.0044
   81    3   1983.3240      0.0070
   81    4   2244.2048      0.0102
   81    5   2483.4995      0.0094
   81    6   2712.1848      0.0101
   81    7   2935.3875      0.0068
   81    8   3151.0994      0.0099
   81    9   3361.2812      0.0146
   81   10   3567.8721      0.0265
   81   11   3771.0100      0.0678
   81   12   3970.7124      0.1715
   81   13   4167.7749      0.5374
   82    1   1372.8802      0.0035
   82    2   1713.0055      0.0061
   82    3   1992.4354      0.0069
   82    4   2254.3240      0.0074
   82    5   2494.3384      0.0122
   82    6   2724.1604      0.0094
   82    7   2948.2649      0.0072
   82    8   3164.7988      0.0079
   82    9   3375.7517      0.0144
   82   10   3583.1216      0.0315
   82   11   3786.8704      0.0819
   82   12   3987.3564      0.1682
   82   13   4185.2471      0.3782
   83    1   1380.0156      0.0018
   83    2   1720.8309      0.0051
   83    3   2001.4698      0.0088
   83    4   2264.3369      0.0105
   83    5   2505.1477      0.0112
   83    6   2736.0959      0.0102
   83    7   2961.0828      0.0070
   83    8   3178.3521      0.0099
   83    9   3390.1375      0.0178
   83   10   3598.2002      0.0345
   83   11   3802.6926      0.0926
   83   12   4004.0359      0.1742
   84    1   1387.1049      0.0023
   84    2   1728.6031      0.0065
   84    3   2010.4404      0.0068
   84    4   2274.3562      0.0113
   84    5   2515.9209      0.0112
   84    6   2747.9675      0.0096
   84    7   2973.7942      0.0082
   84    8   3191.8232      0.0106
   84    9   3404.4185      0.0169
   84   10   3613.3584      0.0375
   84   11   3818.4624      0.0868
   84   12   4020.5930      0.2639
   85    1   1394.1327      0.0026
   85    2   1736.2924      0.0063
   85    3   2019.3630      0.0076
   85    4   2284.2581      0.0119
   85    5   2526.5825      0.0080
   85    6   2759.7759      0.0090
   85    7   2986.4651      0.0088
   85    8   3205.1919      0.0115
   85    9   3418.7227      0.0225
   85   10   3628.3555      0.0459
   85   11   3834.3972      0.1001
   85   12   4036.5964      0.1857
   86    1   1401.1078      0.0021
   86    2   1743.9150      0.0047
   86    3   2028.2374      0.0107
   86    4   2294.0491      0.0103
   86    5   2537.1941      0.0115
   86    6   2771.5000      0.0081
   86    7   2999.0027      0.0095
   86    8   3218.5549      0.0083
   86    9   3432.8181      0.0213
   86   10   3643.1936      0.0438
   86   11   3849.8828      0.1118
   86   12   4053.3982      0.3234
   87    1   1408.0322      0.0025
   87    2   1751.4456      0.0059
   87    3   2037.0730      0.0092
   87    4   2303.7786      0.0084
   87    5   2547.7600      0.0125
   87    6   2783.1624      0.0078
   87    7   3011.4702      0.0090
   87    8   3231.8164      0.0104
   87    9   3446.9275      0.0195
   87   10   3658.1521      0.0469
   87   11   3865.5496      0.1188
   87   12   4068.9104      0.4067
   88    1   1414.9080      0.0023
   88    2   1758.9485      0.0056
   88    3   2045.8160      0.0085
   88    4   2313.4321      0.0120
   88    5   2558.2332      0.0113
   88    6   2794.7227      0.0084
   88    7   3023.9031      0.0091
   88    8   3244.9802      0.0100
   88    9   3461.0056      0.0197
   88   10   3673.0110      0.0479
   88   11   3880.9551      0.1354
   89    1   1421.7388      0.0041
   89    2   1766.3649      0.0069
   89    3   2054.5459      0.0100
   89    4   2322.9993      0.0118
   89    5   2568.6606      0.0098
   89    6   2806.2246      0.0095
   89    7   3036.2273      0.0081
   89    8   3258.0825      0.0130
   89    9   3474.9062      0.0240
   89   10   3687.5881      0.0549
   89   11   3896.3127      0.1452
   90    1   1428.5128      0.0030
   90    2   1773.6970      0.0053
   90    3   2063.1980      0.0089
   90    4   2332.4541      0.0122
   90    5   2579.0259      0.0092
   90    6   2817.6951      0.0083
   90    7   3048.4792      0.0087
   90    8   3271.1548      0.0110
   90    9   3488.7632      0.0259
   90   10   3702.1729      0.0574
   90   11   3911.6311      0.1328
   91    0    969.9991      0.1562
   91    1   1435.2412      0.0024
   91    2   1781.0020      0.0054
   91    3   2071.8076      0.0082
   91    4   2341.8872      0.0096
   91    5   2589.3557      0.0091
   91    6   2829.1248      0.0113
   91    7   3060.6497      0.0089
   91    8   3284.1338      0.0118
   91    9   3502.5720      0.0279
   91   10   3716.7002      0.0641
   91   11   3926.9397      0.1999
   92    0    975.2433      0.1691
   92    1   1441.9329      0.0025
   92    2   1788.2443      0.0072
   92    3   2080.3552      0.0097
   92    4   2351.2346      0.0126
   92    5   2599.5854      0.0149
   92    6   2840.4321      0.0083
   92    7   3072.7759      0.0102
   92    8   3296.9895      0.0140
   92    9   3516.2297      0.0285
   92   10   3731.2568      0.0633
   92   11   3942.0776      0.1683
   93    0    980.3019      0.1051
   93    1   1448.5613      0.0024
   93    2   1795.3855      0.0051
   93    3   2088.8843      0.0113
   93    4   2360.5120      0.0107
   93    5   2609.8164      0.0112
   93    6   2851.6853      0.0102
   93    7   3084.8235      0.0086
   93    8   3309.8892      0.0150
   93    9   3529.9141      0.0292
   93   10   3745.6987      0.0760
   93   11   3957.2834      0.1903
   94    0    985.4715      0.1414
   94    1   1455.1415      0.0027
   94    2   1802.4857      0.0053
   94    3   2097.2942      0.0116
   94    4   2369.7002      0.0136
   94    5   2619.9897      0.0115
   94    6   2862.8745      0.0102
   94    7   3096.7825      0.0110
   94    8   3322.6609      0.0149
   94    9   3543.4900      0.0338
   94   10   3759.9963      0.0806
   94   11   3972.1541      0.2143
   95    0    990.4305      0.1532
   95    1   1461.7032      0.0032
   95    2   1809.5374      0.0069
   95    3   2105.7053      0.0113
   95    4   2378.8403      0.0108
   95    5   2630.1021      0.0120
   95    6   2873.9851      0.0099
   95    7   3108.6880      0.0083
   95    8   3335.3516      0.0171
   95    9   3556.9888      0.0325
   95   10   3774.1233      0.0850
   95   11   3987.3821      0.3134
   96    0    995.5347      0.1239
   96    1   1468.1923      0.0028
   96    2   1816.5197      0.0078
   96    3   2114.0366      0.0103
   96    4   2387.8953      0.0126
   96    5   2640.1426      0.0138
   96    6   2885.0813      0.0102
   96    7   3120.4761      0.0101
   96    8   3347.9729      0.0148
   96    9   3570.4851      0.0323
   96   10   3788.4055      0.1092
   96   11   4002.0959      0.2075
   97    0   1000.8113      0.0280
   97    1   1474.6445      0.0028
   97    2   1823.4608      0.0058
   97    3   2122.3062      0.0114
   97    4   2396.8540      0.0119
   97    5   2650.1274      0.0132
   97    6   2896.1025      0.0115
   97    7   3132.2559      0.0109
   97    8   3360.5745      0.0156
   97    9   3583.9456      0.0368
   97   10   3802.6475      0.1180
   98    0   1005.6980      0.0979
   98    1   1481.0518      0.0032
   98    2   1830.3695      0.0075
   98    3   2130.5410      0.0094
   98    4   2405.8086      0.0123
   98    5   2660.0415      0.0127
   98    6   2906.9580      0.0123
   98    7   3143.9377      0.0101
   98    8   3373.0745      0.0184
   98    9   3597.2410      0.0424
   98   10   3816.5193      0.1130
   99    1   1487.4150      0.0031
   99    2   1837.2122      0.0066
   99    3   2138.7483      0.0104
   99    4   2414.6760      0.0127
   99    5   2669.9578      0.0098
   99    6   2917.8625      0.0111
   99    7   3155.5779      0.0151
   99    8   3385.5466      0.0192
   99    9   3610.5105      0.0449
   99   10   3830.4583      0.1358
  100    0   1015.7129      0.0602
  100    1   1493.7372      0.0035
  100    2   1843.9971      0.0080
  100    3   2146.8994      0.0124
  100    4   2423.4861      0.0122
  100    5   2679.8257      0.0119
  100    6   2928.7000      0.0101
  100    7   3167.1768      0.0109
  100    8   3398.0273      0.0201
  100    9   3623.6443      0.0498
  100   10   3844.3274      0.1447
  101    0   1020.5294      0.0524
  101    1   1500.0269      0.0032
  101    2   1850.7426      0.0086
  101    3   2154.9546      0.0081
  101    4   2432.2319      0.0161
  101    5   2689.6338      0.0106
  101    6   2939.4475      0.0106
  101    7   3178.6960      0.0115
  101    8   3410.3391      0.0232
  101    9   3636.8318      0.0599
  101   10   3858.3232      0.2554
  102    1   1506.2433      0.0040
  102    2   1857.4650      0.0077
  102    3   2162.9771      0.0119
  102    4   2440.8911      0.0154
  102    5   2699.3516      0.0118
  102    6   2950.1096      0.0105
  102    7   3190.1521      0.0127
  102    8   3422.5955      0.0255
  102    9   3649.8320      0.0611
  102   10   3872.3840      0.4998
  103    1   1512.4332      0.0037
  103    2   1864.0914      0.0069
  103    3   2170.9846      0.0110
  103    4   2449.5513      0.0159
  103    5   2709.0798      0.0130
  103    6   2960.7424      0.0105
  103    7   3201.5305      0.0140
  103    8   3434.8477      0.0216
  103    9   3662.9399      0.0615
  103   10   3885.8376      0.2027
  104    1   1518.5930      0.0042
  104    2   1870.6783      0.0059
  104    3   2178.8914      0.0085
  104    4   2458.1284      0.0147
  104    5   2718.7761      0.0126
  104    6   2971.2871      0.0082
  104    7   3212.8408      0.0131
  104    8   3447.0364      0.0223
  104    9   3675.9438      0.0810
  104   10   3899.6194      0.1486
  105    0   1039.9653      0.0583
  105    1   1524.7104      0.0049
  105    2   1877.2660      0.0068
  105    3   2186.7773      0.0114
  105    4   2466.6714      0.0133
  105    5   2728.3655      0.0125
  105    6   2981.8350      0.0094
  105    7   3224.1433      0.0132
  105    8   3459.1582      0.0226
  105    9   3688.9360      0.0748
  105   10   3912.9783      0.2183
  106    1   1530.7815      0.0039
  106    2   1883.7916      0.0079
  106    3   2194.5996      0.0128
  106    4   2475.1047      0.0156
  106    5   2737.9407      0.0124
  106    6   2992.2632      0.0108
  106    7   3235.3848      0.0116
  106    8   3471.2393      0.0241
  106    9   3701.5095      0.0669
  106   10   3926.4585      0.1976
  107    1   1536.7854      0.0045
  107    2   1890.2651      0.0069
  107    3   2202.3303      0.0102
  107    4   2483.5186      0.0145
  107    5   2747.4712      0.0128
  107    6   3002.6709      0.0109
  107    7   3246.5737      0.0138
  107    8   3483.2988      0.0301
  107    9   3714.3293      0.0923
  108    0   1054.3463      0.0641
  108    1   1542.7916      0.0046
  108    2   1896.7314      0.0087
  108    3   2210.0398      0.0137
  108    4   2491.8894      0.0130
  108    5   2756.9438      0.0114
  108    6   3012.9761      0.0115
  108    7   3257.6479      0.0155
  108    8   3495.2214      0.0295
  108    9   3727.0769      0.1086
  109    1   1548.7443      0.0041
  109    2   1903.1390      0.0090
  109    3   2217.7117      0.0135
  109    4   2500.2578      0.0165
  109    5   2766.3674      0.0129
  109    6   3023.2744      0.0113
  109    7   3268.7017      0.0169
  109    8   3507.0972      0.0332
  109    9   3739.6895      0.0906
  110    0   1063.9220      0.0461
  110    1   1554.6610      0.0065
  110    2   1909.5093      0.0085
  110    3   2225.3279      0.0138
  110    4   2508.5237      0.0137
  110    5   2775.7732      0.0122
  110    6   3033.4893      0.0112
  110    7   3279.7288      0.0179
  110    8   3518.9866      0.0383
  110    9   3752.3347      0.1028
  111    0   1068.5735      0.0427
  111    1   1560.5261      0.0041
  111    2   1915.8337      0.0097
  111    3   2232.8469      0.0126
  111    4   2516.7759      0.0194
  111    5   2785.1521      0.0101
  111    6   3043.6704      0.0116
  111    7   3290.7263      0.0148
  111    8   3530.7651      0.0319
  111    9   3764.8679      0.1457
  112    0   1073.2972      0.0517
  112    1   1566.3490      0.0059
  112    2   1922.1692      0.0102
  112    3   2240.4146      0.0142
  112    4   2524.9753      0.0147
  112    5   2794.3999      0.0139
  112    6   3053.7827      0.0120
  112    7   3301.5808      0.0177
  112    8   3542.5884      0.0424
  112    9   3777.3406      0.1391
  113    0   1077.9340      0.0429
  113    1   1572.1499      0.0051
  113    2   1928.4539      0.0093
  113    3   2247.9124      0.0161
  113    4   2533.0720      0.0160
  113    5   2803.7117      0.0140
  113    6   3063.8931      0.0108
  113    7   3312.4883      0.0190
  113    8   3554.2180      0.0437
  113    9   3789.7822      0.1530
  114    0   1082.5713      0.0450
  114    1   1577.9164      0.0057
  114    2   1934.6710      0.0082
  114    3   2255.2952      0.0128
  114    4   2541.2056      0.0138
  114    5   2812.8975      0.0127
  114    6   3073.8711      0.0122
  114    7   3323.3550      0.0184
  114    8   3565.8552      0.0535
  114    9   3802.0398      0.1814
  115    0   1087.2056      0.0510
  115    1   1583.6215      0.0047
  115    2   1940.8483      0.0097
  115    3   2262.6494      0.0139
  115    4   2549.2522      0.0200
  115    5   2822.0547      0.0129
  115    6   3083.8130      0.0159
  115    7   3334.0623      0.0191
  115    8   3577.4258      0.0595
  115    9   3814.3457      0.1799
  116    0   1091.8787      0.0456
  116    1   1589.2866      0.0045
  116    2   1947.0400      0.0081
  116    3   2269.9524      0.0157
  116    4   2557.2896      0.0183
  116    5   2831.1995      0.0114
  116    6   3093.7241      0.0117
  116    7   3344.8105      0.0187
  116    8   3589.0752      0.0538
  116    9   3826.7427      0.2516
  117    0   1096.4008      0.0399
  117    1   1594.9381      0.0052
  117    2   1953.1925      0.0091
  117    3   2277.2202      0.0136
  117    4   2565.2803      0.0161
  117    5   2840.2688      0.0144
  117    6   3103.5928      0.0116
  117    7   3355.5212      0.0245
  117    8   3600.5039      0.0579
  117    9   3838.9695      0.2721
  118    0   1101.0167      0.0355
  118    1   1600.5475      0.0054
  118    2   1959.3126      0.0098
  118    3   2284.4412      0.0191
  118    4   2573.2454      0.0201
  118    5   2849.3420      0.0138
  118    6   3113.3979      0.0138
  118    7   3366.1372      0.0253
  118    8   3611.8083      0.0668
  118    9   3851.3423      0.2539
  119    1   1606.1309      0.0073
  119    2   1965.3896      0.0095
  119    3   2291.6228      0.0136
  119    4   2581.1626      0.0149
  119    5   2858.3579      0.0145
  119    6   3123.1736      0.0145
  119    7   3376.7551      0.0314
  119    8   3623.2805      0.0685
  119    9   3863.1711      0.2799
  120    0   1110.0933      0.0322
  120    1   1611.6462      0.0061
  120    2   1971.4452      0.0145
  120    3   2298.7544      0.0179
  120    4   2589.0566      0.0157
  120    5   2867.2817      0.0112
  120    6   3132.8738      0.0134
  120    7   3387.2468      0.0270
  120    8   3634.6777      0.0668
  120    9   3875.1897      0.1871
  121    0   1114.6321      0.0246
  121    1   1617.1664      0.0066
  121    2   1977.4945      0.0099
  121    3   2305.8479      0.0140
  121    4   2596.9097      0.0155
  121    5   2876.1943      0.0138
  121    6   3142.5125      0.0114
  121    7   3397.7883      0.0251
  121    8   3645.8208      0.0821
  122    0   1119.1036      0.0291
  122    1   1622.6199      0.0054
  122    2   1983.5092      0.0109
  122    3   2312.8374      0.0169
  122    4   2604.7083      0.0210
  122    5   2885.0840      0.0144
  122    6   3152.1716      0.0119
  122    7   3408.2351      0.0253
  122    8   3657.2297      0.0765
  123    0   1123.6158      0.0249
  123    1   1628.0466      0.0056
  123    2   1989.4880      0.0113
  123    3   2319.7891      0.0198
  123    4   2612.4622      0.0216
  123    5   2893.8794      0.0141
  123    6   3161.7571      0.0186
  123    7   3418.6475      0.0334
  123    8   3668.3892      0.0962
  124    0   1128.0208      0.0216
  124    1   1633.4507      0.0062
  124    2   1995.4172      0.0145
  124    3   2326.7810      0.0166
  124    4   2620.2097      0.0187
  124    5   2902.6519      0.0149
  124    6   3171.2356      0.0162
  124    7   3428.9929      0.0301
  124    8   3679.5173      0.1197
  125    0   1132.4836      0.0208
  125    1   1638.7987      0.0069
  125    2   2001.3590      0.0140
  125    3   2333.6223      0.0166
  125    4   2627.9805      0.0175
  125    5   2911.4255      0.0176
  125    6   3180.7734      0.0177
  125    7   3439.3032      0.0340
  125    8   3690.9072      0.1162
  126    0   1136.9163      0.0176
  126    1   1644.1299      0.0066
  126    2   2007.2711      0.0100
  126    3   2340.4788      0.0173
  126    4   2635.6343      0.0156
  126    5   2920.0947      0.0149
  126    6   3190.2429      0.0145
  126    7   3449.5615      0.0331
  126    8   3701.7019      0.1363
  127    0   1141.2688      0.0193
  127    1   1649.4098      0.0060
  127    2   2013.1533      0.0126
  127    3   2347.2664      0.0212
  127    4   2643.3286      0.0220
  127    5   2928.7832      0.0135
  127    6   3199.6558      0.0195
  127    7   3459.8777      0.0381
  127    8   3712.9209      0.1545
  128    0   1145.6749      0.0227
  128    1   1654.6848      0.0071
  128    2   2019.0189      0.0118
  128    3   2354.0078      0.0191
  128    4   2650.8960      0.0169
  128    5   2937.3826      0.0136
  128    6   3208.9033      0.0189
  128    7   3470.0503      0.0493
  128    8   3723.7009      0.1236
  129    0   1150.0822      0.0197
  129    1   1659.9135      0.0059
  129    2   2024.8342      0.0122
  129    3   2360.7686      0.0190
  129    4   2658.5498      0.0171
  129    5   2945.9709      0.0177
  129    6   3218.2698      0.0196
  129    7   3480.3325      0.0442
  129    8   3734.8362      0.1540
  130    0   1154.4460      0.0158
  130    1   1665.1099      0.0070
  130    2   2030.6553      0.0125
  130    3   2367.3879      0.0208
  130    4   2666.0620      0.0155
  130    5   2954.4807      0.0142
  130    6   3227.5564      0.0221
  130    7   3490.4961      0.0427
  130    8   3745.5049      0.1710
  131    0   1158.7743      0.0170
  131    1   1670.2715      0.0066
  131    2   2036.3975      0.0122
  131    3   2374.0476      0.0239
  131    4   2673.6162      0.0198
  131    5   2962.9646      0.0162
  131    6   3236.7935      0.0186
  131    7   3500.4495      0.0540
  131    8   3756.3540      0.2919
  132    0   1163.0543      0.0156
  132    1   1675.4207      0.0086
  132    2   2042.1664      0.0152
  132    3   2380.6052      0.0198
  132    4   2681.1204      0.0180
  132    5   2971.4045      0.0173
  132    6   3246.0396      0.0209
  132    7   3510.4858      0.0517
  133    0   1167.3870      0.0143
  133    1   1680.5033      0.0074
  133    2   2047.9218      0.0153
  133    3   2387.1377      0.0183
  133    4   2688.6196      0.0204
  133    5   2979.8159      0.0177
  133    6   3255.1729      0.0213
  133    7   3520.4944      0.0679
  134    0   1171.6982      0.0120
  134    1   1685.5719      0.0071
  134    2   2053.6897      0.0132
  134    3   2393.6819      0.0237
  134    4   2696.0605      0.0185
  134    5   2988.1909      0.0179
  134    6   3264.3437      0.0253
  134    7   3530.4565      0.0589
  135    0   1175.9546      0.0138
  135    1   1690.6396      0.0087
  135    2   2059.3545      0.0173
  135    3   2400.1111      0.0277
  135    4   2703.5139      0.0241
  135    5   2996.4795      0.0129
  135    6   3273.3513      0.0214
  135    7   3540.4248      0.0780
  136    0   1180.2493      0.0122
  136    1   1695.6449      0.0074
  136    2   2065.0515      0.0131
  136    3   2406.5828      0.0232
  136    4   2710.9153      0.0242
  136    5   3004.8008      0.0156
  136    6   3282.4822      0.0235
  136    7   3550.4458      0.0691
  137    0   1184.4965      0.0092
  137    1   1700.6132      0.0066
  137    2   2070.7095      0.0182
  137    3   2412.9731      0.0259
  137    4   2718.2610      0.0211
  137    5   3013.0398      0.0168
  137    6   3291.4819      0.0302
  137    7   3560.1890      0.0832
  138    0   1188.6815      0.0106
  138    1   1705.5652      0.0089
  138    2   2076.3501      0.0153
  138    3   2419.2939      0.0247
  138    4   2725.6038      0.0196
  138    5   3021.2512      0.0189
  138    6   3300.4036      0.0283
  138    7   3570.0525      0.0982
  139    0   1192.9188      0.0064
  139    1   1710.4775      0.0082
  139    2   2081.9683      0.0142
  139    3   2425.5967      0.0203
  139    4   2732.9409      0.0183
  139    5   3029.4805      0.0191
  139    6   3309.4346      0.0284
  139    7   3579.7976      0.1114
  140    0   1197.1075      0.0065
  140    1   1715.3671      0.0105
  140    2   2087.6099      0.0135
  140    3   2431.9170      0.0270
  140    4   2740.2351      0.0217
  140    5   3037.5593      0.0190
  140    6   3318.3528      0.0261
  140    7   3589.5393      0.1103
  141    0   1201.2825      0.0066
  141    1   1720.2406      0.0080
  141    2   2093.2009      0.0165
  141    3   2438.1130      0.0324
  141    4   2747.4783      0.0201
  141    5   3045.6484      0.0184
  141    6   3327.2383      0.0268
  141    7   3599.0732      0.1256
  142    0   1205.4595      0.0079
  142    1   1725.0563      0.0101
  142    2   2098.7529      0.0183
  142    3   2444.2725      0.0209
  142    4   2754.7151      0.0198
  142    5   3053.7241      0.0193
  142    6   3336.0837      0.0359
  142    7   3608.9319      0.1081
  143    0   1209.6041      0.0053
  143    1   1729.9104      0.0091
  143    2   2104.2925      0.0160
  143    3   2450.4802      0.0281
  143    4   2761.9512      0.0238
  143    5   3061.7671      0.0180
  143    6   3344.8718      0.0366
  143    7   3618.6589      0.1346
  144    0   1213.7354      0.0053
  144    1   1734.6685      0.0110
  144    2   2109.8047      0.0191
  144    3   2456.6399      0.0297
  144    4   2769.1228      0.0239
  144    5   3069.7346      0.0187
  144    6   3353.6990      0.0365
  144    7   3628.2295      0.1478
  145    0   1217.8696      0.0047
  145    1   1739.3925      0.0088
  145    2   2115.3179      0.0168
  145    3   2462.7278      0.0301
  145    4   2776.2925      0.0200
  145    5   3077.7263      0.0201
  145    6   3362.5186      0.0409
  145    7   3637.7688      0.1485
  146    0   1221.9902      0.0034
  146    1   1744.1368      0.0106
  146    2   2120.8350      0.0180
  146    3   2468.8320      0.0262
  146    4   2783.3872      0.0255
  146    5   3085.6309      0.0196
  146    6   3371.1511      0.0426
  146    7   3647.1936      0.1847
  147    0   1226.0844      0.0039
  147    1   1748.8293      0.0096
  147    2   2126.3396      0.0201
  147    3   2474.8796      0.0294
  147    4   2790.5125      0.0225
  147    5   3093.5818      0.0206
  147    6   3379.8345      0.0388
  147    7   3656.8540      0.2021
  148    0   1230.1753      0.0035
  148    1   1753.4886      0.0083
  148    2   2131.7588      0.0176
  148    3   2480.8848      0.0236
  148    4   2797.6147      0.0193
  148    5   3101.3660      0.0180
  148    6   3388.4497      0.0481
  148    7   3666.0029      0.1642
  149    0   1234.2533      0.0040
  149    1   1758.1534      0.0084
  149    2   2137.2202      0.0232
  149    3   2486.8523      0.0358
  149    4   2804.6626      0.0209
  149    5   3109.1885      0.0231
  149    6   3397.1284      0.0515
  149    7   3675.5051      0.2596
  150    0   1238.3004      0.0038
  150    1   1762.7804      0.0080
  150    2   2142.6152      0.0233
  150    3   2492.7898      0.0316
  150    4   2811.6787      0.0205
  150    5   3116.9692      0.0225
  150    6   3405.6887      0.0408
  150    7   3684.7874      0.1755
  151    0   1242.3308      0.0035
  151    1   1767.3717      0.0100
  151    2   2148.0735      0.0259
  151    3   2498.6863      0.0330
  151    4   2818.7017      0.0229
  151    5   3124.6958      0.0202
  151    6   3414.3687      0.0531
  151    7   3694.2151      0.2448
  152    0   1246.3785      0.0038
  152    1   1771.9482      0.0095
  152    2   2153.4490      0.0188
  152    3   2504.6257      0.0284
  152    4   2825.7063      0.0212
  152    5   3132.4136      0.0228
  152    6   3422.8298      0.0606
  152    7   3703.8267      0.2634
  153    0   1250.4008      0.0033
  153    1   1776.4789      0.0110
  153    2   2158.7646      0.0240
  153    3   2510.5376      0.0388
  153    4   2832.6042      0.0272
  153    5   3140.1577      0.0288
  153    6   3431.3127      0.0581
  154    0   1254.3905      0.0031
  154    1   1781.0087      0.0129
  154    2   2164.1655      0.0222
  154    3   2516.3000      0.0417
  154    4   2839.5654      0.0248
  154    5   3147.7676      0.0253
  154    6   3439.7097      0.0629
  155    0   1258.3835      0.0033
  155    1   1785.4880      0.0103
  155    2   2169.4917      0.0233
  155    3   2522.1758      0.0355
  155    4   2846.4204      0.0263
  155    5   3155.3555      0.0286
  155    6   3448.3799      0.0701
  156    0   1262.3503      0.0041
  156    1   1789.9890      0.0133
  156    2   2174.7778      0.0186
  156    3   2527.9082      0.0343
  156    4   2853.3315      0.0236
  156    5   3163.0046      0.0280
  156    6   3456.7759      0.0719
  157    0   1266.3269      0.0038
  157    1   1794.4268      0.0136
  157    2   2180.0952      0.0288
  157    3   2533.6450      0.0381
  157    4   2860.1775      0.0226
  157    5   3170.5432      0.0299
  157    6   3465.0586      0.0808
  158    0   1270.2748      0.0038
  158    1   1798.8584      0.0128
  158    2   2185.3801      0.0245
  158    3   2539.4285      0.0443
  158    4   2866.9802      0.0276
  158    5   3178.0723      0.0296
  158    6   3473.4922      0.0717
  159    0   1274.2286      0.0046
  159    1   1803.2329      0.0105
  159    2   2190.6543      0.0304
  159    3   2545.1426      0.0453
  159    4   2873.8315      0.0265
  159    5   3185.6194      0.0262
  159    6   3481.9714      0.0916
  160    0   1278.1469      0.0042
  160    1   1807.6226      0.0129
  160    2   2195.9246      0.0284
  160    3   2550.8425      0.0460
  160    4   2880.6072      0.0269
  160    5   3193.0891      0.0312
  160    6   3490.0750      0.1137
  161    0   1282.0588      0.0029
  161    1   1811.9840      0.0103
  161    2   2201.1221      0.0296
  161    3   2556.5410      0.0436
  161    4   2887.2991      0.0307
  161    5   3200.5537      0.0281
  161    6   3498.4900      0.1332
  162    0   1285.9635      0.0024
  162    1   1816.3738      0.0121
  162    2   2206.3584      0.0277
  162    3   2562.1748      0.0415
  162    4   2894.0334      0.0271
  162    5   3207.8940      0.0377
  162    6   3506.7070      0.0838
  163    0   1289.8595      0.0032
  163    1   1820.6512      0.0134
  163    2   2211.5522      0.0326
  163    3   2567.7473      0.0429
  163    4   2900.7192      0.0302
  163    5   3215.3596      0.0342
  163    6   3514.8760      0.0900
  164    0   1293.7509      0.0035
  164    1   1824.9208      0.0143
  164    2   2216.7268      0.0308
  164    3   2573.3789      0.0461
  164    4   2907.3828      0.0282
  164    5   3222.6809      0.0340
  164    6   3523.2136      0.1182
  165    0   1297.6057      0.0029
  165    1   1829.2024      0.0126
  165    2   2221.8894      0.0235
  165    3   2578.9751      0.0429
  165    4   2913.9973      0.0269
  165    5   3230.0537      0.0380
  165    6   3531.4492      0.1570
  166    0   1301.4689      0.0028
  166    1   1833.4098      0.0116
  166    2   2226.9990      0.0330
  166    3   2584.5901      0.0455
  166    4   2920.7146      0.0326
  166    5   3237.4138      0.0487
  166    6   3539.4500      0.1402
  167    0   1305.3160      0.0031
  167    1   1837.6675      0.0122
  167    2   2232.1338      0.0227
  167    3   2590.0591      0.0402
  167    4   2927.2168      0.0361
  167    5   3244.6880      0.0495
  167    6   3547.5432      0.1115
  168    0   1309.1396      0.0034
  168    1   1841.8890      0.0115
  168    2   2237.2622      0.0278
  168    3   2595.5486      0.0394
  168    4   2933.8005      0.0321
  168    5   3251.8750      0.0433
  168    6   3555.8242      0.1474
  169    0   1312.9722      0.0044
  169    1   1846.0773      0.0149
  169    2   2242.3223      0.0278
  169    3   2601.0430      0.0425
  169    4   2940.3442      0.0321
  169    5   3259.1348      0.0433
  170    0   1316.7860      0.0038
  170    1   1850.2053      0.0138
  170    2   2247.4199      0.0406
  170    3   2606.6023      0.0459
  170    4   2946.8738      0.0314
  170    5   3266.4653      0.0435
  170    6   3571.8640      0.2128
  171    0   1320.5771      0.0039
  171    1   1854.3625      0.0128
  171    2   2252.5129      0.0335
  171    3   2612.1094      0.0478
  171    4   2953.3804      0.0322
  171    5   3273.4895      0.0454
  171    6   3579.9946      0.2136
  172    0   1324.3628      0.0035
  172    1   1858.5300      0.0155
  172    2   2257.5012      0.0369
  172    3   2617.5012      0.0551
  172    4   2959.8171      0.0307
  172    5   3280.7146      0.0554
  172    6   3587.7839      0.1758
  173    0   1328.1348      0.0045
  173    1   1862.6041      0.0134
  173    2   2262.5388      0.0327
  173    3   2622.9805      0.0455
  173    4   2966.2852      0.0307
  173    5   3287.9236      0.0471
  173    6   3596.2163      0.2298
  174    0   1331.9171      0.0034
  174    1   1866.6975      0.0149
  174    2   2267.6460      0.0321
  174    3   2628.3799      0.0565
  174    4   2972.6682      0.0365
  174    5   3295.0154      0.0630
  175    0   1335.6732      0.0037
  175    1   1870.7579      0.0158
  175    2   2272.4985      0.0476
  175    3   2633.7727      0.0589
  175    4   2979.0659      0.0335
  175    5   3302.1262      0.0503
  176    0   1339.4207      0.0036
  176    1   1874.8020      0.0159
  176    2   2277.5208      0.0325
  176    3   2639.1809      0.0481
  176    4   2985.4485      0.0363
  176    5   3309.1567      0.0585
  177    0   1343.1440      0.0041
  177    1   1878.8195      0.0161
  177    2   2282.4446      0.0373
  177    3   2644.4995      0.0464
  177    4   2991.8015      0.0359
  177    5   3316.1167      0.0645
  178    0   1346.8790      0.0050
  178    1   1882.8583      0.0174
  178    2   2287.3855      0.0404
  178    3   2649.8865      0.0588
  178    4   2998.0886      0.0317
  178    5   3323.2080      0.0598
  179    0   1350.5967      0.0039
  179    1   1886.8634      0.0163
  179    2   2292.3210      0.0468
  179    3   2655.3237      0.0475
  179    4   3004.4578      0.0453
  179    5   3330.3293      0.0464
  180    0   1354.2959      0.0041
  180    1   1890.8427      0.0185
  180    2   2297.2654      0.0444
  180    3   2660.6106      0.0626
  180    4   3010.6860      0.0423
  180    5   3337.2827      0.0784
  181    0   1357.9811      0.0040
  181    1   1894.8003      0.0175
  181    2   2302.1765      0.0554
  181    3   2665.9983      0.0517
  181    4   3016.9370      0.0332
  181    5   3344.2598      0.0872
  182    0   1361.6798      0.0042
  182    1   1898.7687      0.0179
  182    2   2306.9512      0.0439
  182    3   2671.2439      0.0706
  182    4   3023.0872      0.0368
  182    5   3351.1646      0.0779
  183    0   1365.3318      0.0035
  183    1   1902.6642      0.0211
  183    2   2311.9355      0.0380
  183    3   2676.5671      0.0666
  183    4   3029.3979      0.0442
  183    5   3358.1465      0.0796
  184    0   1368.9895      0.0040
  184    1   1906.5980      0.0238
  184    2   2316.7717      0.0447
  184    3   2681.8333      0.0612
  184    4   3035.5051      0.0344
  184    5   3364.9988      0.1028
  185    0   1372.6639      0.0040
  185    1   1910.4818      0.0199
  185    2   2321.5022      0.0540
  185    3   2687.1780      0.0568
  185    4   3041.6318      0.0443
  185    5   3372.0835      0.1004
  186    0   1376.3092      0.0043
  186    1   1914.3148      0.0184
  186    2   2326.4514      0.0571
  186    3   2692.2910      0.0614
  186    4   3047.8152      0.0378
  186    5   3378.8054      0.1086
  187    0   1379.9370      0.0042
  187    1   1918.2083      0.0255
  187    2   2331.0935      0.0575
  187    3   2697.6689      0.0609
  187    4   3053.9294      0.0369
  187    5   3385.6372      0.1131
  188    0   1383.5627      0.0047
  188    1   1922.0658      0.0263
  188    2   2335.9392      0.0473
  188    3   2702.8545      0.0706
  188    4   3059.9692      0.0383
  188    5   3392.4258      0.1079
  189    0   1387.1873      0.0043
  189    1   1925.8959      0.0222
  189    2   2340.6541      0.0546
  189    3   2708.1238      0.0785
  189    4   3066.0742      0.0360
  189    5   3399.2944      0.1921
  190    0   1390.7802      0.0055
  190    1   1929.6899      0.0216
  190    2   2345.3567      0.0526
  190    3   2713.2285      0.0656
  190    4   3072.0942      0.0509
  190    5   3405.8401      0.1134
  191    0   1394.3904      0.0039
  191    1   1933.4677      0.0256
  191    2   2350.1245      0.0589
  191    3   2718.5005      0.0630
  191    4   3078.0520      0.0440
  191    5   3412.8762      0.1499
  192    0   1397.9587      0.0053
  192    1   1937.2544      0.0283
  192    2   2354.8276      0.0543
  192    3   2723.6345      0.0575
  192    4   3084.1501      0.0506
  192    5   3419.6721      0.1429
  193    0   1401.5450      0.0050
  193    1   1941.0372      0.0214
  193    2   2359.5513      0.0805
  193    3   2728.8752      0.0713
  193    4   3090.0583      0.0444
  193    5   3426.1775      0.2105
  194    0   1405.1102      0.0052
  194    1   1944.8419      0.0300
  194    2   2364.2219      0.0805
  194    3   2734.0449      0.0655
  194    4   3095.9519      0.0477
  194    5   3433.0752      1.8282
  195    0   1408.6678      0.0052
  195    1   1948.5420      0.0286
  195    2   2368.8296      0.0489
  195    3   2739.1057      0.0651
  195    4   3101.9529      0.0561
  195    5   3439.8054      0.1001
  196    0   1412.2134      0.0050
  196    1   1952.2633      0.0322
  196    2   2373.4509      0.0663
  196    3   2744.3667      0.0628
  196    4   3107.8047      0.0565
  197    0   1415.7534      0.0049
  197    1   1955.9521      0.0294
  197    2   2378.0859      0.0907
  197    3   2749.5161      0.0640
  197    4   3113.7578      0.0472
  198    0   1419.2927      0.0053
  198    1   1959.6934      0.0306
  198    2   2382.6194      0.0850
  198    3   2754.5745      0.0795
  198    4   3119.6418      0.0549
  199    0   1422.8000      0.0066
  199    1   1963.3538      0.0256
  199    2   2387.2136      0.0933
  199    3   2759.7915      0.0849
  199    4   3125.4583      0.0556
  200    0   1426.3232      0.0053
  200    1   1967.0273      0.0293
  200    2   2391.8528      0.1081
  200    3   2764.8499      0.0682
  200    4   3131.1846      0.0702
  201    0   1429.8213      0.0057
  201    1   1970.6528      0.0337
  201    2   2396.4167      0.0705
  201    3   2770.0193      0.0660
  201    4   3137.0625      0.0658
  202    0   1433.3315      0.0056
  202    1   1974.3173      0.0376
  202    2   2401.0254      0.0889
  202    3   2775.1768      0.0802
  202    4   3142.8699      0.0783
  203    0   1436.7916      0.0053
  203    1   1977.8853      0.0318
  203    2   2405.4663      0.0688
  203    3   2780.2334      0.0828
  203    4   3148.6401      0.0892
  204    0   1440.2974      0.0050
  204    1   1981.5698      0.0394
  204    2   2410.0344      0.0945
  204    3   2785.2637      0.0823
  204    4   3154.3604      0.0891
  205    0   1443.7522      0.0052
  205    1   1985.1869      0.0338
  205    2   2414.5391      0.1142
  205    3   2790.2200      0.0715
  205    4   3160.1082      0.0804
  206    0   1447.2303      0.0054
  206    1   1988.7343      0.0385
  206    2   2418.9031      0.1036
  206    3   2795.4116      0.0575
  206    4   3165.7905      0.0994
  207    0   1450.6823      0.0059
  207    1   1992.3806      0.0445
  207    2   2423.3171      0.1106
  207    3   2800.4048      0.1155
  207    4   3171.5164      0.0774
  208    0   1454.1248      0.0061
  208    1   1995.8879      0.0410
  208    2   2427.7883      0.1195
  208    3   2805.4072      0.0907
  208    4   3177.1731      0.0760
  209    0   1457.5529      0.0062
  209    1   1999.5092      0.0463
  209    2   2432.2388      0.1554
  209    3   2810.4985      0.0729
  209    4   3182.8511      0.0819
  210    0   1460.9867      0.0056
  210    1   2002.9519      0.0433
  210    2   2436.6792      0.0987
  210    3   2815.6208      0.0806
  210    4   3188.4319      0.0843
  211    0   1464.4075      0.0066
  211    1   2006.4919      0.0482
  211    2   2441.1184      0.1060
  211    3   2820.5967      0.0796
  211    4   3194.1692      0.1268
  212    0   1467.8271      0.0067
  212    1   2010.0612      0.0385
  212    2   2445.3484      0.1327
  212    3   2825.5498      0.0952
  212    4   3199.7847      0.1958
  213    0   1471.2222      0.0069
  213    1   2013.5555      0.0476
  213    2   2449.7651      0.1094
  213    3   2830.6455      0.0843
  213    4   3205.3035      0.1042
  214    0   1474.6167      0.0073
  214    1   2017.0613      0.0395
  214    2   2454.2156      0.0798
  214    3   2835.7654      0.0606
  214    4   3210.8198      0.0779
  215    0   1478.0164      0.0057
  215    1   2020.5303      0.0443
  215    2   2458.4602      0.1200
  215    3   2840.5317      0.0965
  215    4   3216.4939      0.1178
  216    0   1481.3859      0.0064
  216    1   2023.9940      0.0468
  216    2   2462.7300      0.1301
  216    3   2845.5220      0.1430
  216    4   3222.0515      0.0884
  217    0   1484.7524      0.0060
  217    1   2027.3719      0.0557
  217    2   2466.9431      0.0997
  217    3   2850.5342      0.1269
  217    4   3227.3479      0.1090
  218    0   1488.1200      0.0070
  218    1   2030.9235      0.0514
  218    2   2471.3286      0.1451
  218    3   2855.5254      0.0691
  218    4   3232.9929      0.2081
  219    0   1491.4811      0.0080
  219    1   2034.3530      0.0767
  219    2   2475.2498      0.1853
  219    3   2860.4995      0.0804
  219    4   3238.4590      0.0941
  220    0   1494.8239      0.0083
  220    1   2037.7792      0.0802
  220    2   2479.5547      0.0700
  220    3   2865.4126      0.0961
  220    4   3243.9424      0.0954
  221    0   1498.1790      0.0084
  221    1   2041.1884      0.0695
  221    2   2483.9861      0.1388
  221    3   2870.3472      0.0877
  221    4   3249.4556      0.1115
  222    0   1501.5153      0.0080
  222    1   2044.6356      0.0879
  222    2   2488.2529      0.1278
  222    3   2875.2891      0.1055
  222    4   3254.7346      0.2437
  223    0   1504.8563      0.0070
  223    1   2048.0410      0.1490
  223    2   2492.4370      0.1955
  223    3   2880.2454      0.1259
  223    4   3260.1995      0.0864
  224    0   1508.1567      0.0073
  224    1   2051.3765      0.0610
  224    2   2496.6309      0.1453
  224    3   2885.0969      0.1086
  224    4   3265.7134      0.1128
  225    0   1511.4701      0.0094
  225    1   2054.8098      0.0521
  225    2   2500.6199      0.1935
  225    3   2890.1890      0.1196
  226    0   1514.7751      0.0086
  226    1   2058.1907      0.0720
  226    3   2894.9731      0.1116
  226    4   3276.4712      0.2171
  227    0   1518.0828      0.0094
  227    1   2061.5574      0.1087
  227    3   2899.8503      0.0824
  227    4   3282.0937      0.1528
  228    0   1521.3636      0.0078
  228    1   2064.9077      0.1158
  228    4   3287.3242      0.2040
  229    0   1524.6458      0.0078
  229    1   2068.2834      0.0729
  229    4   3292.6245      0.1631
  230    0   1527.9359      0.0087
  230    1   2071.4695      0.0640
  231    0   1531.1855      0.0084
  231    1   2074.7671      0.1224
  232    0   1534.4509      0.0100
  232    1   2078.1533      0.1099
  233    0   1537.6921      0.0091
  233    1   2081.4614      0.1590
  234    0   1540.9486      0.0106
  234    1   2084.8113      0.0740
  235    0   1544.1989      0.0098
  235    1   2087.9771      0.0587
  236    0   1547.4382      0.0091
  236    1   2091.3813      0.1687
  237    0   1550.6530      0.0100
  237    1   2094.6238      0.2078
  238    0   1553.8666      0.0092
  239    0   1557.0774      0.0092
  240    0   1560.3126      0.0096
  241    0   1563.5004      0.0107
  242    0   1566.6857      0.0093
  243    0   1569.8967      0.0088
  244    0   1573.0455      0.0114
  245    0   1576.2086      0.0118
  246    0   1579.4116      0.0116
  247    0   1582.5531      0.0101
  248    0   1585.7104      0.0106
  249    0   1588.8585      0.0103
  250    0   1591.9969      0.0120
  251    0   1595.1539      0.0144
  252    0   1598.2799      0.0101
  253    0   1601.3828      0.0119
  254    0   1604.4972      0.0101
  255    0   1607.6217      0.0122
  256    0   1610.7166      0.0123
  257    0   1613.8307      0.0119
  258    0   1616.9102      0.0133
  259    0   1620.0050      0.0144
  260    0   1623.0887      0.0109
  261    0   1626.1440      0.0127
  262    0   1629.2072      0.0146
  263    0   1632.2721      0.0159
  264    0   1635.3484      0.0170
  265    0   1638.3986      0.0158
  266    0   1641.4146      0.0143
  267    0   1644.4584      0.0175
  268    0   1647.5237      0.0165
  269    0   1650.5201      0.0140
  270    0   1653.5787      0.0158
  271    0   1656.5577      0.0151
  272    0   1659.5933      0.0139
  273    0   1662.5695      0.0177
  274    0   1665.5844      0.0169
  275    0   1668.5664      0.0153
  276    0   1671.5668      0.0158
  277    0   1674.5486      0.0175
  278    0   1677.5350      0.0224
  279    0   1680.5310      0.0158
  280    0   1683.4777      0.0170
  281    0   1686.4050      0.0226
  282    0   1689.3835      0.0166
  283    0   1692.3145      0.0193
  284    0   1695.2747      0.0199
  285    0   1698.2172      0.0221
  286    0   1701.1686      0.0159
  287    0   1704.0892      0.0182
  288    0   1707.0024      0.0205
  289    0   1709.9246      0.0178
  290    0   1712.8761      0.0177
  291    0   1715.7406      0.0202
  292    0   1718.6418      0.0283
  293    0   1721.5555      0.0244
  294    0   1724.4766      0.0251
  295    0   1727.3528      0.0262
  296    0   1730.2772      0.0223
  297    0   1733.1306      0.0293
  298    0   1736.0039      0.0323
  299    0   1738.8478      0.0332
